"D:\SUSTech\2019 fall\python\Python\python.exe" D:/UCR/2022Spring/AI/CodingAss/Proj2/main.py
Input is being redirected from D:\UCR\2022Spring\AI\CodingAss\Proj2\in.txt
Welcome to Michael Yu's Feature Selection Algorithm
Please choose data files or enter the path
	1) ./data\CS205_CalibrationData__1.txt
	2) ./data\CS205_CalibrationData__2.txt
	3) ./data\CS205_CalibrationData__3.txt
	4) ./data\CS205_SP_2022_Largetestdata__11.txt
	5) ./data\CS205_SP_2022_SMALLtestdata__69.txt
Enter the path directly if your file is not in the list
Type the number of the algorithm you want to run.
	 1) Forward Selection
	 2) Backward Elimination
Beginning search.

	Using feature(s) {1,2,3,4,5,6,7,8,9,10,11,12,13,14,15,16,17,18,19,20,21,22,23,24,25,26,27,28,29,30,31,32,33,34,35,36,37,38,39,40} accuracy is 70.5%
	Using feature(s) {2,3,4,5,6,7,8,9,10,11,12,13,14,15,16,17,18,19,20,21,22,23,24,25,26,27,28,29,30,31,32,33,34,35,36,37,38,39,40} accuracy is 71.3%
	Using feature(s) {1,3,4,5,6,7,8,9,10,11,12,13,14,15,16,17,18,19,20,21,22,23,24,25,26,27,28,29,30,31,32,33,34,35,36,37,38,39,40} accuracy is 69.8%
	Using feature(s) {1,2,4,5,6,7,8,9,10,11,12,13,14,15,16,17,18,19,20,21,22,23,24,25,26,27,28,29,30,31,32,33,34,35,36,37,38,39,40} accuracy is 70.2%
	Using feature(s) {1,2,3,5,6,7,8,9,10,11,12,13,14,15,16,17,18,19,20,21,22,23,24,25,26,27,28,29,30,31,32,33,34,35,36,37,38,39,40} accuracy is 70.6%
	Using feature(s) {1,2,3,4,6,7,8,9,10,11,12,13,14,15,16,17,18,19,20,21,22,23,24,25,26,27,28,29,30,31,32,33,34,35,36,37,38,39,40} accuracy is 69.0%
	Using feature(s) {1,2,3,4,5,7,8,9,10,11,12,13,14,15,16,17,18,19,20,21,22,23,24,25,26,27,28,29,30,31,32,33,34,35,36,37,38,39,40} accuracy is 69.8%
	Using feature(s) {1,2,3,4,5,6,8,9,10,11,12,13,14,15,16,17,18,19,20,21,22,23,24,25,26,27,28,29,30,31,32,33,34,35,36,37,38,39,40} accuracy is 71.8%
	Using feature(s) {1,2,3,4,5,6,7,9,10,11,12,13,14,15,16,17,18,19,20,21,22,23,24,25,26,27,28,29,30,31,32,33,34,35,36,37,38,39,40} accuracy is 70.0%
	Using feature(s) {1,2,3,4,5,6,7,8,10,11,12,13,14,15,16,17,18,19,20,21,22,23,24,25,26,27,28,29,30,31,32,33,34,35,36,37,38,39,40} accuracy is 70.7%
	Using feature(s) {1,2,3,4,5,6,7,8,9,11,12,13,14,15,16,17,18,19,20,21,22,23,24,25,26,27,28,29,30,31,32,33,34,35,36,37,38,39,40} accuracy is 70.7%
	Using feature(s) {1,2,3,4,5,6,7,8,9,10,12,13,14,15,16,17,18,19,20,21,22,23,24,25,26,27,28,29,30,31,32,33,34,35,36,37,38,39,40} accuracy is 71.6%
	Using feature(s) {1,2,3,4,5,6,7,8,9,10,11,13,14,15,16,17,18,19,20,21,22,23,24,25,26,27,28,29,30,31,32,33,34,35,36,37,38,39,40} accuracy is 70.1%
	Using feature(s) {1,2,3,4,5,6,7,8,9,10,11,12,14,15,16,17,18,19,20,21,22,23,24,25,26,27,28,29,30,31,32,33,34,35,36,37,38,39,40} accuracy is 70.9%
	Using feature(s) {1,2,3,4,5,6,7,8,9,10,11,12,13,15,16,17,18,19,20,21,22,23,24,25,26,27,28,29,30,31,32,33,34,35,36,37,38,39,40} accuracy is 70.1%
	Using feature(s) {1,2,3,4,5,6,7,8,9,10,11,12,13,14,16,17,18,19,20,21,22,23,24,25,26,27,28,29,30,31,32,33,34,35,36,37,38,39,40} accuracy is 70.8%
	Using feature(s) {1,2,3,4,5,6,7,8,9,10,11,12,13,14,15,17,18,19,20,21,22,23,24,25,26,27,28,29,30,31,32,33,34,35,36,37,38,39,40} accuracy is 70.4%
	Using feature(s) {1,2,3,4,5,6,7,8,9,10,11,12,13,14,15,16,18,19,20,21,22,23,24,25,26,27,28,29,30,31,32,33,34,35,36,37,38,39,40} accuracy is 69.6%
	Using feature(s) {1,2,3,4,5,6,7,8,9,10,11,12,13,14,15,16,17,19,20,21,22,23,24,25,26,27,28,29,30,31,32,33,34,35,36,37,38,39,40} accuracy is 70.3%
	Using feature(s) {1,2,3,4,5,6,7,8,9,10,11,12,13,14,15,16,17,18,20,21,22,23,24,25,26,27,28,29,30,31,32,33,34,35,36,37,38,39,40} accuracy is 71.1%
	Using feature(s) {1,2,3,4,5,6,7,8,9,10,11,12,13,14,15,16,17,18,19,21,22,23,24,25,26,27,28,29,30,31,32,33,34,35,36,37,38,39,40} accuracy is 68.7%
	Using feature(s) {1,2,3,4,5,6,7,8,9,10,11,12,13,14,15,16,17,18,19,20,22,23,24,25,26,27,28,29,30,31,32,33,34,35,36,37,38,39,40} accuracy is 70.4%
	Using feature(s) {1,2,3,4,5,6,7,8,9,10,11,12,13,14,15,16,17,18,19,20,21,23,24,25,26,27,28,29,30,31,32,33,34,35,36,37,38,39,40} accuracy is 71.1%
	Using feature(s) {1,2,3,4,5,6,7,8,9,10,11,12,13,14,15,16,17,18,19,20,21,22,24,25,26,27,28,29,30,31,32,33,34,35,36,37,38,39,40} accuracy is 72.1%
	Using feature(s) {1,2,3,4,5,6,7,8,9,10,11,12,13,14,15,16,17,18,19,20,21,22,23,25,26,27,28,29,30,31,32,33,34,35,36,37,38,39,40} accuracy is 70.7%
	Using feature(s) {1,2,3,4,5,6,7,8,9,10,11,12,13,14,15,16,17,18,19,20,21,22,23,24,26,27,28,29,30,31,32,33,34,35,36,37,38,39,40} accuracy is 69.4%
	Using feature(s) {1,2,3,4,5,6,7,8,9,10,11,12,13,14,15,16,17,18,19,20,21,22,23,24,25,27,28,29,30,31,32,33,34,35,36,37,38,39,40} accuracy is 72.1%
	Using feature(s) {1,2,3,4,5,6,7,8,9,10,11,12,13,14,15,16,17,18,19,20,21,22,23,24,25,26,28,29,30,31,32,33,34,35,36,37,38,39,40} accuracy is 70.1%
	Using feature(s) {1,2,3,4,5,6,7,8,9,10,11,12,13,14,15,16,17,18,19,20,21,22,23,24,25,26,27,29,30,31,32,33,34,35,36,37,38,39,40} accuracy is 70.2%
	Using feature(s) {1,2,3,4,5,6,7,8,9,10,11,12,13,14,15,16,17,18,19,20,21,22,23,24,25,26,27,28,30,31,32,33,34,35,36,37,38,39,40} accuracy is 71.2%
	Using feature(s) {1,2,3,4,5,6,7,8,9,10,11,12,13,14,15,16,17,18,19,20,21,22,23,24,25,26,27,28,29,31,32,33,34,35,36,37,38,39,40} accuracy is 69.6%
	Using feature(s) {1,2,3,4,5,6,7,8,9,10,11,12,13,14,15,16,17,18,19,20,21,22,23,24,25,26,27,28,29,30,32,33,34,35,36,37,38,39,40} accuracy is 71.3%
	Using feature(s) {1,2,3,4,5,6,7,8,9,10,11,12,13,14,15,16,17,18,19,20,21,22,23,24,25,26,27,28,29,30,31,33,34,35,36,37,38,39,40} accuracy is 70.7%
	Using feature(s) {1,2,3,4,5,6,7,8,9,10,11,12,13,14,15,16,17,18,19,20,21,22,23,24,25,26,27,28,29,30,31,32,34,35,36,37,38,39,40} accuracy is 70.0%
	Using feature(s) {1,2,3,4,5,6,7,8,9,10,11,12,13,14,15,16,17,18,19,20,21,22,23,24,25,26,27,28,29,30,31,32,33,35,36,37,38,39,40} accuracy is 70.1%
	Using feature(s) {1,2,3,4,5,6,7,8,9,10,11,12,13,14,15,16,17,18,19,20,21,22,23,24,25,26,27,28,29,30,31,32,33,34,36,37,38,39,40} accuracy is 71.6%
	Using feature(s) {1,2,3,4,5,6,7,8,9,10,11,12,13,14,15,16,17,18,19,20,21,22,23,24,25,26,27,28,29,30,31,32,33,34,35,37,38,39,40} accuracy is 69.2%
	Using feature(s) {1,2,3,4,5,6,7,8,9,10,11,12,13,14,15,16,17,18,19,20,21,22,23,24,25,26,27,28,29,30,31,32,33,34,35,36,38,39,40} accuracy is 71.2%
	Using feature(s) {1,2,3,4,5,6,7,8,9,10,11,12,13,14,15,16,17,18,19,20,21,22,23,24,25,26,27,28,29,30,31,32,33,34,35,36,37,39,40} accuracy is 70.1%
	Using feature(s) {1,2,3,4,5,6,7,8,9,10,11,12,13,14,15,16,17,18,19,20,21,22,23,24,25,26,27,28,29,30,31,32,33,34,35,36,37,38,40} accuracy is 71.2%
	Using feature(s) {1,2,3,4,5,6,7,8,9,10,11,12,13,14,15,16,17,18,19,20,21,22,23,24,25,26,27,28,29,30,31,32,33,34,35,36,37,38,39} accuracy is 70.8%


Feature set {1,2,3,4,5,6,7,8,9,10,11,12,13,14,15,16,17,18,19,20,21,22,24,25,26,27,28,29,30,31,32,33,34,35,36,37,38,39,40} was best, accuracy is 72.1%

	Using feature(s) {2,3,4,5,6,7,8,9,10,11,12,13,14,15,16,17,18,19,20,21,22,24,25,26,27,28,29,30,31,32,33,34,35,36,37,38,39,40} accuracy is 72.7%
	Using feature(s) {1,3,4,5,6,7,8,9,10,11,12,13,14,15,16,17,18,19,20,21,22,24,25,26,27,28,29,30,31,32,33,34,35,36,37,38,39,40} accuracy is 70.7%
	Using feature(s) {1,2,4,5,6,7,8,9,10,11,12,13,14,15,16,17,18,19,20,21,22,24,25,26,27,28,29,30,31,32,33,34,35,36,37,38,39,40} accuracy is 71.6%
	Using feature(s) {1,2,3,5,6,7,8,9,10,11,12,13,14,15,16,17,18,19,20,21,22,24,25,26,27,28,29,30,31,32,33,34,35,36,37,38,39,40} accuracy is 71.0%
	Using feature(s) {1,2,3,4,6,7,8,9,10,11,12,13,14,15,16,17,18,19,20,21,22,24,25,26,27,28,29,30,31,32,33,34,35,36,37,38,39,40} accuracy is 70.0%
	Using feature(s) {1,2,3,4,5,7,8,9,10,11,12,13,14,15,16,17,18,19,20,21,22,24,25,26,27,28,29,30,31,32,33,34,35,36,37,38,39,40} accuracy is 70.0%
	Using feature(s) {1,2,3,4,5,6,8,9,10,11,12,13,14,15,16,17,18,19,20,21,22,24,25,26,27,28,29,30,31,32,33,34,35,36,37,38,39,40} accuracy is 71.9%
	Using feature(s) {1,2,3,4,5,6,7,9,10,11,12,13,14,15,16,17,18,19,20,21,22,24,25,26,27,28,29,30,31,32,33,34,35,36,37,38,39,40} accuracy is 70.2%
	Using feature(s) {1,2,3,4,5,6,7,8,10,11,12,13,14,15,16,17,18,19,20,21,22,24,25,26,27,28,29,30,31,32,33,34,35,36,37,38,39,40} accuracy is 71.9%
	Using feature(s) {1,2,3,4,5,6,7,8,9,11,12,13,14,15,16,17,18,19,20,21,22,24,25,26,27,28,29,30,31,32,33,34,35,36,37,38,39,40} accuracy is 71.9%
	Using feature(s) {1,2,3,4,5,6,7,8,9,10,12,13,14,15,16,17,18,19,20,21,22,24,25,26,27,28,29,30,31,32,33,34,35,36,37,38,39,40} accuracy is 71.8%
	Using feature(s) {1,2,3,4,5,6,7,8,9,10,11,13,14,15,16,17,18,19,20,21,22,24,25,26,27,28,29,30,31,32,33,34,35,36,37,38,39,40} accuracy is 71.1%
	Using feature(s) {1,2,3,4,5,6,7,8,9,10,11,12,14,15,16,17,18,19,20,21,22,24,25,26,27,28,29,30,31,32,33,34,35,36,37,38,39,40} accuracy is 70.4%
	Using feature(s) {1,2,3,4,5,6,7,8,9,10,11,12,13,15,16,17,18,19,20,21,22,24,25,26,27,28,29,30,31,32,33,34,35,36,37,38,39,40} accuracy is 71.3%
	Using feature(s) {1,2,3,4,5,6,7,8,9,10,11,12,13,14,16,17,18,19,20,21,22,24,25,26,27,28,29,30,31,32,33,34,35,36,37,38,39,40} accuracy is 71.2%
	Using feature(s) {1,2,3,4,5,6,7,8,9,10,11,12,13,14,15,17,18,19,20,21,22,24,25,26,27,28,29,30,31,32,33,34,35,36,37,38,39,40} accuracy is 71.4%
	Using feature(s) {1,2,3,4,5,6,7,8,9,10,11,12,13,14,15,16,18,19,20,21,22,24,25,26,27,28,29,30,31,32,33,34,35,36,37,38,39,40} accuracy is 69.8%
	Using feature(s) {1,2,3,4,5,6,7,8,9,10,11,12,13,14,15,16,17,19,20,21,22,24,25,26,27,28,29,30,31,32,33,34,35,36,37,38,39,40} accuracy is 70.7%
	Using feature(s) {1,2,3,4,5,6,7,8,9,10,11,12,13,14,15,16,17,18,20,21,22,24,25,26,27,28,29,30,31,32,33,34,35,36,37,38,39,40} accuracy is 72.3%
	Using feature(s) {1,2,3,4,5,6,7,8,9,10,11,12,13,14,15,16,17,18,19,21,22,24,25,26,27,28,29,30,31,32,33,34,35,36,37,38,39,40} accuracy is 69.2%
	Using feature(s) {1,2,3,4,5,6,7,8,9,10,11,12,13,14,15,16,17,18,19,20,22,24,25,26,27,28,29,30,31,32,33,34,35,36,37,38,39,40} accuracy is 70.7%
	Using feature(s) {1,2,3,4,5,6,7,8,9,10,11,12,13,14,15,16,17,18,19,20,21,24,25,26,27,28,29,30,31,32,33,34,35,36,37,38,39,40} accuracy is 71.4%
	Using feature(s) {1,2,3,4,5,6,7,8,9,10,11,12,13,14,15,16,17,18,19,20,21,22,25,26,27,28,29,30,31,32,33,34,35,36,37,38,39,40} accuracy is 70.6%
	Using feature(s) {1,2,3,4,5,6,7,8,9,10,11,12,13,14,15,16,17,18,19,20,21,22,24,26,27,28,29,30,31,32,33,34,35,36,37,38,39,40} accuracy is 70.5%
	Using feature(s) {1,2,3,4,5,6,7,8,9,10,11,12,13,14,15,16,17,18,19,20,21,22,24,25,27,28,29,30,31,32,33,34,35,36,37,38,39,40} accuracy is 72.0%
	Using feature(s) {1,2,3,4,5,6,7,8,9,10,11,12,13,14,15,16,17,18,19,20,21,22,24,25,26,28,29,30,31,32,33,34,35,36,37,38,39,40} accuracy is 71.0%
	Using feature(s) {1,2,3,4,5,6,7,8,9,10,11,12,13,14,15,16,17,18,19,20,21,22,24,25,26,27,29,30,31,32,33,34,35,36,37,38,39,40} accuracy is 71.4%
	Using feature(s) {1,2,3,4,5,6,7,8,9,10,11,12,13,14,15,16,17,18,19,20,21,22,24,25,26,27,28,30,31,32,33,34,35,36,37,38,39,40} accuracy is 70.5%
	Using feature(s) {1,2,3,4,5,6,7,8,9,10,11,12,13,14,15,16,17,18,19,20,21,22,24,25,26,27,28,29,31,32,33,34,35,36,37,38,39,40} accuracy is 70.2%
	Using feature(s) {1,2,3,4,5,6,7,8,9,10,11,12,13,14,15,16,17,18,19,20,21,22,24,25,26,27,28,29,30,32,33,34,35,36,37,38,39,40} accuracy is 71.8%
	Using feature(s) {1,2,3,4,5,6,7,8,9,10,11,12,13,14,15,16,17,18,19,20,21,22,24,25,26,27,28,29,30,31,33,34,35,36,37,38,39,40} accuracy is 71.5%
	Using feature(s) {1,2,3,4,5,6,7,8,9,10,11,12,13,14,15,16,17,18,19,20,21,22,24,25,26,27,28,29,30,31,32,34,35,36,37,38,39,40} accuracy is 70.6%
	Using feature(s) {1,2,3,4,5,6,7,8,9,10,11,12,13,14,15,16,17,18,19,20,21,22,24,25,26,27,28,29,30,31,32,33,35,36,37,38,39,40} accuracy is 70.8%
	Using feature(s) {1,2,3,4,5,6,7,8,9,10,11,12,13,14,15,16,17,18,19,20,21,22,24,25,26,27,28,29,30,31,32,33,34,36,37,38,39,40} accuracy is 71.8%
	Using feature(s) {1,2,3,4,5,6,7,8,9,10,11,12,13,14,15,16,17,18,19,20,21,22,24,25,26,27,28,29,30,31,32,33,34,35,37,38,39,40} accuracy is 70.1%
	Using feature(s) {1,2,3,4,5,6,7,8,9,10,11,12,13,14,15,16,17,18,19,20,21,22,24,25,26,27,28,29,30,31,32,33,34,35,36,38,39,40} accuracy is 70.8%
	Using feature(s) {1,2,3,4,5,6,7,8,9,10,11,12,13,14,15,16,17,18,19,20,21,22,24,25,26,27,28,29,30,31,32,33,34,35,36,37,39,40} accuracy is 71.0%
	Using feature(s) {1,2,3,4,5,6,7,8,9,10,11,12,13,14,15,16,17,18,19,20,21,22,24,25,26,27,28,29,30,31,32,33,34,35,36,37,38,40} accuracy is 71.4%
	Using feature(s) {1,2,3,4,5,6,7,8,9,10,11,12,13,14,15,16,17,18,19,20,21,22,24,25,26,27,28,29,30,31,32,33,34,35,36,37,38,39} accuracy is 71.6%


Feature set {2,3,4,5,6,7,8,9,10,11,12,13,14,15,16,17,18,19,20,21,22,24,25,26,27,28,29,30,31,32,33,34,35,36,37,38,39,40} was best, accuracy is 72.7%

	Using feature(s) {3,4,5,6,7,8,9,10,11,12,13,14,15,16,17,18,19,20,21,22,24,25,26,27,28,29,30,31,32,33,34,35,36,37,38,39,40} accuracy is 69.8%
	Using feature(s) {2,4,5,6,7,8,9,10,11,12,13,14,15,16,17,18,19,20,21,22,24,25,26,27,28,29,30,31,32,33,34,35,36,37,38,39,40} accuracy is 72.3%
	Using feature(s) {2,3,5,6,7,8,9,10,11,12,13,14,15,16,17,18,19,20,21,22,24,25,26,27,28,29,30,31,32,33,34,35,36,37,38,39,40} accuracy is 71.4%
	Using feature(s) {2,3,4,6,7,8,9,10,11,12,13,14,15,16,17,18,19,20,21,22,24,25,26,27,28,29,30,31,32,33,34,35,36,37,38,39,40} accuracy is 71.5%
	Using feature(s) {2,3,4,5,7,8,9,10,11,12,13,14,15,16,17,18,19,20,21,22,24,25,26,27,28,29,30,31,32,33,34,35,36,37,38,39,40} accuracy is 71.1%
	Using feature(s) {2,3,4,5,6,8,9,10,11,12,13,14,15,16,17,18,19,20,21,22,24,25,26,27,28,29,30,31,32,33,34,35,36,37,38,39,40} accuracy is 72.4%
	Using feature(s) {2,3,4,5,6,7,9,10,11,12,13,14,15,16,17,18,19,20,21,22,24,25,26,27,28,29,30,31,32,33,34,35,36,37,38,39,40} accuracy is 71.4%
	Using feature(s) {2,3,4,5,6,7,8,10,11,12,13,14,15,16,17,18,19,20,21,22,24,25,26,27,28,29,30,31,32,33,34,35,36,37,38,39,40} accuracy is 72.4%
	Using feature(s) {2,3,4,5,6,7,8,9,11,12,13,14,15,16,17,18,19,20,21,22,24,25,26,27,28,29,30,31,32,33,34,35,36,37,38,39,40} accuracy is 71.7%
	Using feature(s) {2,3,4,5,6,7,8,9,10,12,13,14,15,16,17,18,19,20,21,22,24,25,26,27,28,29,30,31,32,33,34,35,36,37,38,39,40} accuracy is 72.9%
	Using feature(s) {2,3,4,5,6,7,8,9,10,11,13,14,15,16,17,18,19,20,21,22,24,25,26,27,28,29,30,31,32,33,34,35,36,37,38,39,40} accuracy is 72.2%
	Using feature(s) {2,3,4,5,6,7,8,9,10,11,12,14,15,16,17,18,19,20,21,22,24,25,26,27,28,29,30,31,32,33,34,35,36,37,38,39,40} accuracy is 71.6%
	Using feature(s) {2,3,4,5,6,7,8,9,10,11,12,13,15,16,17,18,19,20,21,22,24,25,26,27,28,29,30,31,32,33,34,35,36,37,38,39,40} accuracy is 71.1%
	Using feature(s) {2,3,4,5,6,7,8,9,10,11,12,13,14,16,17,18,19,20,21,22,24,25,26,27,28,29,30,31,32,33,34,35,36,37,38,39,40} accuracy is 71.2%
	Using feature(s) {2,3,4,5,6,7,8,9,10,11,12,13,14,15,17,18,19,20,21,22,24,25,26,27,28,29,30,31,32,33,34,35,36,37,38,39,40} accuracy is 71.6%
	Using feature(s) {2,3,4,5,6,7,8,9,10,11,12,13,14,15,16,18,19,20,21,22,24,25,26,27,28,29,30,31,32,33,34,35,36,37,38,39,40} accuracy is 70.7%
	Using feature(s) {2,3,4,5,6,7,8,9,10,11,12,13,14,15,16,17,19,20,21,22,24,25,26,27,28,29,30,31,32,33,34,35,36,37,38,39,40} accuracy is 72.9%
	Using feature(s) {2,3,4,5,6,7,8,9,10,11,12,13,14,15,16,17,18,20,21,22,24,25,26,27,28,29,30,31,32,33,34,35,36,37,38,39,40} accuracy is 73.1%
	Using feature(s) {2,3,4,5,6,7,8,9,10,11,12,13,14,15,16,17,18,19,21,22,24,25,26,27,28,29,30,31,32,33,34,35,36,37,38,39,40} accuracy is 70.6%
	Using feature(s) {2,3,4,5,6,7,8,9,10,11,12,13,14,15,16,17,18,19,20,22,24,25,26,27,28,29,30,31,32,33,34,35,36,37,38,39,40} accuracy is 71.8%
	Using feature(s) {2,3,4,5,6,7,8,9,10,11,12,13,14,15,16,17,18,19,20,21,24,25,26,27,28,29,30,31,32,33,34,35,36,37,38,39,40} accuracy is 71.8%
	Using feature(s) {2,3,4,5,6,7,8,9,10,11,12,13,14,15,16,17,18,19,20,21,22,25,26,27,28,29,30,31,32,33,34,35,36,37,38,39,40} accuracy is 72.6%
	Using feature(s) {2,3,4,5,6,7,8,9,10,11,12,13,14,15,16,17,18,19,20,21,22,24,26,27,28,29,30,31,32,33,34,35,36,37,38,39,40} accuracy is 71.8%
	Using feature(s) {2,3,4,5,6,7,8,9,10,11,12,13,14,15,16,17,18,19,20,21,22,24,25,27,28,29,30,31,32,33,34,35,36,37,38,39,40} accuracy is 72.9%
	Using feature(s) {2,3,4,5,6,7,8,9,10,11,12,13,14,15,16,17,18,19,20,21,22,24,25,26,28,29,30,31,32,33,34,35,36,37,38,39,40} accuracy is 70.9%
	Using feature(s) {2,3,4,5,6,7,8,9,10,11,12,13,14,15,16,17,18,19,20,21,22,24,25,26,27,29,30,31,32,33,34,35,36,37,38,39,40} accuracy is 71.9%
	Using feature(s) {2,3,4,5,6,7,8,9,10,11,12,13,14,15,16,17,18,19,20,21,22,24,25,26,27,28,30,31,32,33,34,35,36,37,38,39,40} accuracy is 70.6%
	Using feature(s) {2,3,4,5,6,7,8,9,10,11,12,13,14,15,16,17,18,19,20,21,22,24,25,26,27,28,29,31,32,33,34,35,36,37,38,39,40} accuracy is 70.5%
	Using feature(s) {2,3,4,5,6,7,8,9,10,11,12,13,14,15,16,17,18,19,20,21,22,24,25,26,27,28,29,30,32,33,34,35,36,37,38,39,40} accuracy is 72.8%
	Using feature(s) {2,3,4,5,6,7,8,9,10,11,12,13,14,15,16,17,18,19,20,21,22,24,25,26,27,28,29,30,31,33,34,35,36,37,38,39,40} accuracy is 72.0%
	Using feature(s) {2,3,4,5,6,7,8,9,10,11,12,13,14,15,16,17,18,19,20,21,22,24,25,26,27,28,29,30,31,32,34,35,36,37,38,39,40} accuracy is 71.3%
	Using feature(s) {2,3,4,5,6,7,8,9,10,11,12,13,14,15,16,17,18,19,20,21,22,24,25,26,27,28,29,30,31,32,33,35,36,37,38,39,40} accuracy is 71.9%
	Using feature(s) {2,3,4,5,6,7,8,9,10,11,12,13,14,15,16,17,18,19,20,21,22,24,25,26,27,28,29,30,31,32,33,34,36,37,38,39,40} accuracy is 72.6%
	Using feature(s) {2,3,4,5,6,7,8,9,10,11,12,13,14,15,16,17,18,19,20,21,22,24,25,26,27,28,29,30,31,32,33,34,35,37,38,39,40} accuracy is 72.0%
	Using feature(s) {2,3,4,5,6,7,8,9,10,11,12,13,14,15,16,17,18,19,20,21,22,24,25,26,27,28,29,30,31,32,33,34,35,36,38,39,40} accuracy is 71.4%
	Using feature(s) {2,3,4,5,6,7,8,9,10,11,12,13,14,15,16,17,18,19,20,21,22,24,25,26,27,28,29,30,31,32,33,34,35,36,37,39,40} accuracy is 72.4%
	Using feature(s) {2,3,4,5,6,7,8,9,10,11,12,13,14,15,16,17,18,19,20,21,22,24,25,26,27,28,29,30,31,32,33,34,35,36,37,38,40} accuracy is 72.1%
	Using feature(s) {2,3,4,5,6,7,8,9,10,11,12,13,14,15,16,17,18,19,20,21,22,24,25,26,27,28,29,30,31,32,33,34,35,36,37,38,39} accuracy is 71.7%


Feature set {2,3,4,5,6,7,8,9,10,11,12,13,14,15,16,17,18,20,21,22,24,25,26,27,28,29,30,31,32,33,34,35,36,37,38,39,40} was best, accuracy is 73.1%

	Using feature(s) {3,4,5,6,7,8,9,10,11,12,13,14,15,16,17,18,20,21,22,24,25,26,27,28,29,30,31,32,33,34,35,36,37,38,39,40} accuracy is 72.0%
	Using feature(s) {2,4,5,6,7,8,9,10,11,12,13,14,15,16,17,18,20,21,22,24,25,26,27,28,29,30,31,32,33,34,35,36,37,38,39,40} accuracy is 72.6%
	Using feature(s) {2,3,5,6,7,8,9,10,11,12,13,14,15,16,17,18,20,21,22,24,25,26,27,28,29,30,31,32,33,34,35,36,37,38,39,40} accuracy is 73.0%
	Using feature(s) {2,3,4,6,7,8,9,10,11,12,13,14,15,16,17,18,20,21,22,24,25,26,27,28,29,30,31,32,33,34,35,36,37,38,39,40} accuracy is 72.9%
	Using feature(s) {2,3,4,5,7,8,9,10,11,12,13,14,15,16,17,18,20,21,22,24,25,26,27,28,29,30,31,32,33,34,35,36,37,38,39,40} accuracy is 71.3%
	Using feature(s) {2,3,4,5,6,8,9,10,11,12,13,14,15,16,17,18,20,21,22,24,25,26,27,28,29,30,31,32,33,34,35,36,37,38,39,40} accuracy is 73.6%
	Using feature(s) {2,3,4,5,6,7,9,10,11,12,13,14,15,16,17,18,20,21,22,24,25,26,27,28,29,30,31,32,33,34,35,36,37,38,39,40} accuracy is 71.5%
	Using feature(s) {2,3,4,5,6,7,8,10,11,12,13,14,15,16,17,18,20,21,22,24,25,26,27,28,29,30,31,32,33,34,35,36,37,38,39,40} accuracy is 73.1%
	Using feature(s) {2,3,4,5,6,7,8,9,11,12,13,14,15,16,17,18,20,21,22,24,25,26,27,28,29,30,31,32,33,34,35,36,37,38,39,40} accuracy is 71.7%
	Using feature(s) {2,3,4,5,6,7,8,9,10,12,13,14,15,16,17,18,20,21,22,24,25,26,27,28,29,30,31,32,33,34,35,36,37,38,39,40} accuracy is 72.5%
	Using feature(s) {2,3,4,5,6,7,8,9,10,11,13,14,15,16,17,18,20,21,22,24,25,26,27,28,29,30,31,32,33,34,35,36,37,38,39,40} accuracy is 72.6%
	Using feature(s) {2,3,4,5,6,7,8,9,10,11,12,14,15,16,17,18,20,21,22,24,25,26,27,28,29,30,31,32,33,34,35,36,37,38,39,40} accuracy is 72.6%
	Using feature(s) {2,3,4,5,6,7,8,9,10,11,12,13,15,16,17,18,20,21,22,24,25,26,27,28,29,30,31,32,33,34,35,36,37,38,39,40} accuracy is 72.1%
	Using feature(s) {2,3,4,5,6,7,8,9,10,11,12,13,14,16,17,18,20,21,22,24,25,26,27,28,29,30,31,32,33,34,35,36,37,38,39,40} accuracy is 72.5%
	Using feature(s) {2,3,4,5,6,7,8,9,10,11,12,13,14,15,17,18,20,21,22,24,25,26,27,28,29,30,31,32,33,34,35,36,37,38,39,40} accuracy is 72.0%
	Using feature(s) {2,3,4,5,6,7,8,9,10,11,12,13,14,15,16,18,20,21,22,24,25,26,27,28,29,30,31,32,33,34,35,36,37,38,39,40} accuracy is 71.5%
	Using feature(s) {2,3,4,5,6,7,8,9,10,11,12,13,14,15,16,17,20,21,22,24,25,26,27,28,29,30,31,32,33,34,35,36,37,38,39,40} accuracy is 71.6%
	Using feature(s) {2,3,4,5,6,7,8,9,10,11,12,13,14,15,16,17,18,21,22,24,25,26,27,28,29,30,31,32,33,34,35,36,37,38,39,40} accuracy is 71.6%
	Using feature(s) {2,3,4,5,6,7,8,9,10,11,12,13,14,15,16,17,18,20,22,24,25,26,27,28,29,30,31,32,33,34,35,36,37,38,39,40} accuracy is 71.8%
	Using feature(s) {2,3,4,5,6,7,8,9,10,11,12,13,14,15,16,17,18,20,21,24,25,26,27,28,29,30,31,32,33,34,35,36,37,38,39,40} accuracy is 73.5%
	Using feature(s) {2,3,4,5,6,7,8,9,10,11,12,13,14,15,16,17,18,20,21,22,25,26,27,28,29,30,31,32,33,34,35,36,37,38,39,40} accuracy is 72.3%
	Using feature(s) {2,3,4,5,6,7,8,9,10,11,12,13,14,15,16,17,18,20,21,22,24,26,27,28,29,30,31,32,33,34,35,36,37,38,39,40} accuracy is 73.4%
	Using feature(s) {2,3,4,5,6,7,8,9,10,11,12,13,14,15,16,17,18,20,21,22,24,25,27,28,29,30,31,32,33,34,35,36,37,38,39,40} accuracy is 73.4%
	Using feature(s) {2,3,4,5,6,7,8,9,10,11,12,13,14,15,16,17,18,20,21,22,24,25,26,28,29,30,31,32,33,34,35,36,37,38,39,40} accuracy is 71.8%
	Using feature(s) {2,3,4,5,6,7,8,9,10,11,12,13,14,15,16,17,18,20,21,22,24,25,26,27,29,30,31,32,33,34,35,36,37,38,39,40} accuracy is 71.9%
	Using feature(s) {2,3,4,5,6,7,8,9,10,11,12,13,14,15,16,17,18,20,21,22,24,25,26,27,28,30,31,32,33,34,35,36,37,38,39,40} accuracy is 71.9%
	Using feature(s) {2,3,4,5,6,7,8,9,10,11,12,13,14,15,16,17,18,20,21,22,24,25,26,27,28,29,31,32,33,34,35,36,37,38,39,40} accuracy is 72.1%
	Using feature(s) {2,3,4,5,6,7,8,9,10,11,12,13,14,15,16,17,18,20,21,22,24,25,26,27,28,29,30,32,33,34,35,36,37,38,39,40} accuracy is 73.1%
	Using feature(s) {2,3,4,5,6,7,8,9,10,11,12,13,14,15,16,17,18,20,21,22,24,25,26,27,28,29,30,31,33,34,35,36,37,38,39,40} accuracy is 71.9%
	Using feature(s) {2,3,4,5,6,7,8,9,10,11,12,13,14,15,16,17,18,20,21,22,24,25,26,27,28,29,30,31,32,34,35,36,37,38,39,40} accuracy is 72.7%
	Using feature(s) {2,3,4,5,6,7,8,9,10,11,12,13,14,15,16,17,18,20,21,22,24,25,26,27,28,29,30,31,32,33,35,36,37,38,39,40} accuracy is 72.1%
	Using feature(s) {2,3,4,5,6,7,8,9,10,11,12,13,14,15,16,17,18,20,21,22,24,25,26,27,28,29,30,31,32,33,34,36,37,38,39,40} accuracy is 72.7%
	Using feature(s) {2,3,4,5,6,7,8,9,10,11,12,13,14,15,16,17,18,20,21,22,24,25,26,27,28,29,30,31,32,33,34,35,37,38,39,40} accuracy is 72.6%
	Using feature(s) {2,3,4,5,6,7,8,9,10,11,12,13,14,15,16,17,18,20,21,22,24,25,26,27,28,29,30,31,32,33,34,35,36,38,39,40} accuracy is 72.8%
	Using feature(s) {2,3,4,5,6,7,8,9,10,11,12,13,14,15,16,17,18,20,21,22,24,25,26,27,28,29,30,31,32,33,34,35,36,37,39,40} accuracy is 72.7%
	Using feature(s) {2,3,4,5,6,7,8,9,10,11,12,13,14,15,16,17,18,20,21,22,24,25,26,27,28,29,30,31,32,33,34,35,36,37,38,40} accuracy is 73.0%
	Using feature(s) {2,3,4,5,6,7,8,9,10,11,12,13,14,15,16,17,18,20,21,22,24,25,26,27,28,29,30,31,32,33,34,35,36,37,38,39} accuracy is 72.6%


Feature set {2,3,4,5,6,8,9,10,11,12,13,14,15,16,17,18,20,21,22,24,25,26,27,28,29,30,31,32,33,34,35,36,37,38,39,40} was best, accuracy is 73.6%

	Using feature(s) {3,4,5,6,8,9,10,11,12,13,14,15,16,17,18,20,21,22,24,25,26,27,28,29,30,31,32,33,34,35,36,37,38,39,40} accuracy is 72.7%
	Using feature(s) {2,4,5,6,8,9,10,11,12,13,14,15,16,17,18,20,21,22,24,25,26,27,28,29,30,31,32,33,34,35,36,37,38,39,40} accuracy is 72.6%
	Using feature(s) {2,3,5,6,8,9,10,11,12,13,14,15,16,17,18,20,21,22,24,25,26,27,28,29,30,31,32,33,34,35,36,37,38,39,40} accuracy is 72.1%
	Using feature(s) {2,3,4,6,8,9,10,11,12,13,14,15,16,17,18,20,21,22,24,25,26,27,28,29,30,31,32,33,34,35,36,37,38,39,40} accuracy is 73.2%
	Using feature(s) {2,3,4,5,8,9,10,11,12,13,14,15,16,17,18,20,21,22,24,25,26,27,28,29,30,31,32,33,34,35,36,37,38,39,40} accuracy is 73.1%
	Using feature(s) {2,3,4,5,6,9,10,11,12,13,14,15,16,17,18,20,21,22,24,25,26,27,28,29,30,31,32,33,34,35,36,37,38,39,40} accuracy is 72.1%
	Using feature(s) {2,3,4,5,6,8,10,11,12,13,14,15,16,17,18,20,21,22,24,25,26,27,28,29,30,31,32,33,34,35,36,37,38,39,40} accuracy is 73.1%
	Using feature(s) {2,3,4,5,6,8,9,11,12,13,14,15,16,17,18,20,21,22,24,25,26,27,28,29,30,31,32,33,34,35,36,37,38,39,40} accuracy is 72.8%
	Using feature(s) {2,3,4,5,6,8,9,10,12,13,14,15,16,17,18,20,21,22,24,25,26,27,28,29,30,31,32,33,34,35,36,37,38,39,40} accuracy is 72.2%
	Using feature(s) {2,3,4,5,6,8,9,10,11,13,14,15,16,17,18,20,21,22,24,25,26,27,28,29,30,31,32,33,34,35,36,37,38,39,40} accuracy is 72.5%
	Using feature(s) {2,3,4,5,6,8,9,10,11,12,14,15,16,17,18,20,21,22,24,25,26,27,28,29,30,31,32,33,34,35,36,37,38,39,40} accuracy is 72.9%
	Using feature(s) {2,3,4,5,6,8,9,10,11,12,13,15,16,17,18,20,21,22,24,25,26,27,28,29,30,31,32,33,34,35,36,37,38,39,40} accuracy is 73.4%
	Using feature(s) {2,3,4,5,6,8,9,10,11,12,13,14,16,17,18,20,21,22,24,25,26,27,28,29,30,31,32,33,34,35,36,37,38,39,40} accuracy is 73.5%
	Using feature(s) {2,3,4,5,6,8,9,10,11,12,13,14,15,17,18,20,21,22,24,25,26,27,28,29,30,31,32,33,34,35,36,37,38,39,40} accuracy is 73.5%
	Using feature(s) {2,3,4,5,6,8,9,10,11,12,13,14,15,16,18,20,21,22,24,25,26,27,28,29,30,31,32,33,34,35,36,37,38,39,40} accuracy is 72.8%
	Using feature(s) {2,3,4,5,6,8,9,10,11,12,13,14,15,16,17,20,21,22,24,25,26,27,28,29,30,31,32,33,34,35,36,37,38,39,40} accuracy is 72.3%
	Using feature(s) {2,3,4,5,6,8,9,10,11,12,13,14,15,16,17,18,21,22,24,25,26,27,28,29,30,31,32,33,34,35,36,37,38,39,40} accuracy is 72.2%
	Using feature(s) {2,3,4,5,6,8,9,10,11,12,13,14,15,16,17,18,20,22,24,25,26,27,28,29,30,31,32,33,34,35,36,37,38,39,40} accuracy is 73.2%
	Using feature(s) {2,3,4,5,6,8,9,10,11,12,13,14,15,16,17,18,20,21,24,25,26,27,28,29,30,31,32,33,34,35,36,37,38,39,40} accuracy is 73.1%
	Using feature(s) {2,3,4,5,6,8,9,10,11,12,13,14,15,16,17,18,20,21,22,25,26,27,28,29,30,31,32,33,34,35,36,37,38,39,40} accuracy is 72.7%
	Using feature(s) {2,3,4,5,6,8,9,10,11,12,13,14,15,16,17,18,20,21,22,24,26,27,28,29,30,31,32,33,34,35,36,37,38,39,40} accuracy is 73.5%
	Using feature(s) {2,3,4,5,6,8,9,10,11,12,13,14,15,16,17,18,20,21,22,24,25,27,28,29,30,31,32,33,34,35,36,37,38,39,40} accuracy is 73.5%
	Using feature(s) {2,3,4,5,6,8,9,10,11,12,13,14,15,16,17,18,20,21,22,24,25,26,28,29,30,31,32,33,34,35,36,37,38,39,40} accuracy is 73.2%
	Using feature(s) {2,3,4,5,6,8,9,10,11,12,13,14,15,16,17,18,20,21,22,24,25,26,27,29,30,31,32,33,34,35,36,37,38,39,40} accuracy is 72.9%
	Using feature(s) {2,3,4,5,6,8,9,10,11,12,13,14,15,16,17,18,20,21,22,24,25,26,27,28,30,31,32,33,34,35,36,37,38,39,40} accuracy is 72.2%
	Using feature(s) {2,3,4,5,6,8,9,10,11,12,13,14,15,16,17,18,20,21,22,24,25,26,27,28,29,31,32,33,34,35,36,37,38,39,40} accuracy is 73.4%
	Using feature(s) {2,3,4,5,6,8,9,10,11,12,13,14,15,16,17,18,20,21,22,24,25,26,27,28,29,30,32,33,34,35,36,37,38,39,40} accuracy is 74.3%
	Using feature(s) {2,3,4,5,6,8,9,10,11,12,13,14,15,16,17,18,20,21,22,24,25,26,27,28,29,30,31,33,34,35,36,37,38,39,40} accuracy is 72.5%
	Using feature(s) {2,3,4,5,6,8,9,10,11,12,13,14,15,16,17,18,20,21,22,24,25,26,27,28,29,30,31,32,34,35,36,37,38,39,40} accuracy is 73.1%
	Using feature(s) {2,3,4,5,6,8,9,10,11,12,13,14,15,16,17,18,20,21,22,24,25,26,27,28,29,30,31,32,33,35,36,37,38,39,40} accuracy is 73.3%
	Using feature(s) {2,3,4,5,6,8,9,10,11,12,13,14,15,16,17,18,20,21,22,24,25,26,27,28,29,30,31,32,33,34,36,37,38,39,40} accuracy is 73.3%
	Using feature(s) {2,3,4,5,6,8,9,10,11,12,13,14,15,16,17,18,20,21,22,24,25,26,27,28,29,30,31,32,33,34,35,37,38,39,40} accuracy is 73.4%
	Using feature(s) {2,3,4,5,6,8,9,10,11,12,13,14,15,16,17,18,20,21,22,24,25,26,27,28,29,30,31,32,33,34,35,36,38,39,40} accuracy is 72.6%
	Using feature(s) {2,3,4,5,6,8,9,10,11,12,13,14,15,16,17,18,20,21,22,24,25,26,27,28,29,30,31,32,33,34,35,36,37,39,40} accuracy is 73.4%
	Using feature(s) {2,3,4,5,6,8,9,10,11,12,13,14,15,16,17,18,20,21,22,24,25,26,27,28,29,30,31,32,33,34,35,36,37,38,40} accuracy is 73.3%
	Using feature(s) {2,3,4,5,6,8,9,10,11,12,13,14,15,16,17,18,20,21,22,24,25,26,27,28,29,30,31,32,33,34,35,36,37,38,39} accuracy is 72.4%


Feature set {2,3,4,5,6,8,9,10,11,12,13,14,15,16,17,18,20,21,22,24,25,26,27,28,29,30,32,33,34,35,36,37,38,39,40} was best, accuracy is 74.3%

	Using feature(s) {3,4,5,6,8,9,10,11,12,13,14,15,16,17,18,20,21,22,24,25,26,27,28,29,30,32,33,34,35,36,37,38,39,40} accuracy is 73.3%
	Using feature(s) {2,4,5,6,8,9,10,11,12,13,14,15,16,17,18,20,21,22,24,25,26,27,28,29,30,32,33,34,35,36,37,38,39,40} accuracy is 73.8%
	Using feature(s) {2,3,5,6,8,9,10,11,12,13,14,15,16,17,18,20,21,22,24,25,26,27,28,29,30,32,33,34,35,36,37,38,39,40} accuracy is 72.8%
	Using feature(s) {2,3,4,6,8,9,10,11,12,13,14,15,16,17,18,20,21,22,24,25,26,27,28,29,30,32,33,34,35,36,37,38,39,40} accuracy is 73.2%
	Using feature(s) {2,3,4,5,8,9,10,11,12,13,14,15,16,17,18,20,21,22,24,25,26,27,28,29,30,32,33,34,35,36,37,38,39,40} accuracy is 73.1%
	Using feature(s) {2,3,4,5,6,9,10,11,12,13,14,15,16,17,18,20,21,22,24,25,26,27,28,29,30,32,33,34,35,36,37,38,39,40} accuracy is 73.0%
	Using feature(s) {2,3,4,5,6,8,10,11,12,13,14,15,16,17,18,20,21,22,24,25,26,27,28,29,30,32,33,34,35,36,37,38,39,40} accuracy is 73.1%
	Using feature(s) {2,3,4,5,6,8,9,11,12,13,14,15,16,17,18,20,21,22,24,25,26,27,28,29,30,32,33,34,35,36,37,38,39,40} accuracy is 73.8%
	Using feature(s) {2,3,4,5,6,8,9,10,12,13,14,15,16,17,18,20,21,22,24,25,26,27,28,29,30,32,33,34,35,36,37,38,39,40} accuracy is 73.2%
	Using feature(s) {2,3,4,5,6,8,9,10,11,13,14,15,16,17,18,20,21,22,24,25,26,27,28,29,30,32,33,34,35,36,37,38,39,40} accuracy is 74.2%
	Using feature(s) {2,3,4,5,6,8,9,10,11,12,14,15,16,17,18,20,21,22,24,25,26,27,28,29,30,32,33,34,35,36,37,38,39,40} accuracy is 74.0%
	Using feature(s) {2,3,4,5,6,8,9,10,11,12,13,15,16,17,18,20,21,22,24,25,26,27,28,29,30,32,33,34,35,36,37,38,39,40} accuracy is 72.4%
	Using feature(s) {2,3,4,5,6,8,9,10,11,12,13,14,16,17,18,20,21,22,24,25,26,27,28,29,30,32,33,34,35,36,37,38,39,40} accuracy is 73.8%
	Using feature(s) {2,3,4,5,6,8,9,10,11,12,13,14,15,17,18,20,21,22,24,25,26,27,28,29,30,32,33,34,35,36,37,38,39,40} accuracy is 74.3%
	Using feature(s) {2,3,4,5,6,8,9,10,11,12,13,14,15,16,18,20,21,22,24,25,26,27,28,29,30,32,33,34,35,36,37,38,39,40} accuracy is 74.4%
	Using feature(s) {2,3,4,5,6,8,9,10,11,12,13,14,15,16,17,20,21,22,24,25,26,27,28,29,30,32,33,34,35,36,37,38,39,40} accuracy is 73.4%
	Using feature(s) {2,3,4,5,6,8,9,10,11,12,13,14,15,16,17,18,21,22,24,25,26,27,28,29,30,32,33,34,35,36,37,38,39,40} accuracy is 72.5%
	Using feature(s) {2,3,4,5,6,8,9,10,11,12,13,14,15,16,17,18,20,22,24,25,26,27,28,29,30,32,33,34,35,36,37,38,39,40} accuracy is 72.9%
	Using feature(s) {2,3,4,5,6,8,9,10,11,12,13,14,15,16,17,18,20,21,24,25,26,27,28,29,30,32,33,34,35,36,37,38,39,40} accuracy is 74.1%
	Using feature(s) {2,3,4,5,6,8,9,10,11,12,13,14,15,16,17,18,20,21,22,25,26,27,28,29,30,32,33,34,35,36,37,38,39,40} accuracy is 73.4%
	Using feature(s) {2,3,4,5,6,8,9,10,11,12,13,14,15,16,17,18,20,21,22,24,26,27,28,29,30,32,33,34,35,36,37,38,39,40} accuracy is 74.4%
	Using feature(s) {2,3,4,5,6,8,9,10,11,12,13,14,15,16,17,18,20,21,22,24,25,27,28,29,30,32,33,34,35,36,37,38,39,40} accuracy is 74.8%
	Using feature(s) {2,3,4,5,6,8,9,10,11,12,13,14,15,16,17,18,20,21,22,24,25,26,28,29,30,32,33,34,35,36,37,38,39,40} accuracy is 73.3%
	Using feature(s) {2,3,4,5,6,8,9,10,11,12,13,14,15,16,17,18,20,21,22,24,25,26,27,29,30,32,33,34,35,36,37,38,39,40} accuracy is 73.9%
	Using feature(s) {2,3,4,5,6,8,9,10,11,12,13,14,15,16,17,18,20,21,22,24,25,26,27,28,30,32,33,34,35,36,37,38,39,40} accuracy is 72.4%
	Using feature(s) {2,3,4,5,6,8,9,10,11,12,13,14,15,16,17,18,20,21,22,24,25,26,27,28,29,32,33,34,35,36,37,38,39,40} accuracy is 73.4%
	Using feature(s) {2,3,4,5,6,8,9,10,11,12,13,14,15,16,17,18,20,21,22,24,25,26,27,28,29,30,33,34,35,36,37,38,39,40} accuracy is 73.6%
	Using feature(s) {2,3,4,5,6,8,9,10,11,12,13,14,15,16,17,18,20,21,22,24,25,26,27,28,29,30,32,34,35,36,37,38,39,40} accuracy is 73.1%
	Using feature(s) {2,3,4,5,6,8,9,10,11,12,13,14,15,16,17,18,20,21,22,24,25,26,27,28,29,30,32,33,35,36,37,38,39,40} accuracy is 73.4%
	Using feature(s) {2,3,4,5,6,8,9,10,11,12,13,14,15,16,17,18,20,21,22,24,25,26,27,28,29,30,32,33,34,36,37,38,39,40} accuracy is 74.3%
	Using feature(s) {2,3,4,5,6,8,9,10,11,12,13,14,15,16,17,18,20,21,22,24,25,26,27,28,29,30,32,33,34,35,37,38,39,40} accuracy is 74.2%
	Using feature(s) {2,3,4,5,6,8,9,10,11,12,13,14,15,16,17,18,20,21,22,24,25,26,27,28,29,30,32,33,34,35,36,38,39,40} accuracy is 73.5%
	Using feature(s) {2,3,4,5,6,8,9,10,11,12,13,14,15,16,17,18,20,21,22,24,25,26,27,28,29,30,32,33,34,35,36,37,39,40} accuracy is 73.7%
	Using feature(s) {2,3,4,5,6,8,9,10,11,12,13,14,15,16,17,18,20,21,22,24,25,26,27,28,29,30,32,33,34,35,36,37,38,40} accuracy is 74.4%
	Using feature(s) {2,3,4,5,6,8,9,10,11,12,13,14,15,16,17,18,20,21,22,24,25,26,27,28,29,30,32,33,34,35,36,37,38,39} accuracy is 73.3%


Feature set {2,3,4,5,6,8,9,10,11,12,13,14,15,16,17,18,20,21,22,24,25,27,28,29,30,32,33,34,35,36,37,38,39,40} was best, accuracy is 74.8%

	Using feature(s) {3,4,5,6,8,9,10,11,12,13,14,15,16,17,18,20,21,22,24,25,27,28,29,30,32,33,34,35,36,37,38,39,40} accuracy is 73.0%
	Using feature(s) {2,4,5,6,8,9,10,11,12,13,14,15,16,17,18,20,21,22,24,25,27,28,29,30,32,33,34,35,36,37,38,39,40} accuracy is 74.1%
	Using feature(s) {2,3,5,6,8,9,10,11,12,13,14,15,16,17,18,20,21,22,24,25,27,28,29,30,32,33,34,35,36,37,38,39,40} accuracy is 74.3%
	Using feature(s) {2,3,4,6,8,9,10,11,12,13,14,15,16,17,18,20,21,22,24,25,27,28,29,30,32,33,34,35,36,37,38,39,40} accuracy is 73.9%
	Using feature(s) {2,3,4,5,8,9,10,11,12,13,14,15,16,17,18,20,21,22,24,25,27,28,29,30,32,33,34,35,36,37,38,39,40} accuracy is 74.4%
	Using feature(s) {2,3,4,5,6,9,10,11,12,13,14,15,16,17,18,20,21,22,24,25,27,28,29,30,32,33,34,35,36,37,38,39,40} accuracy is 73.3%
	Using feature(s) {2,3,4,5,6,8,10,11,12,13,14,15,16,17,18,20,21,22,24,25,27,28,29,30,32,33,34,35,36,37,38,39,40} accuracy is 74.0%
	Using feature(s) {2,3,4,5,6,8,9,11,12,13,14,15,16,17,18,20,21,22,24,25,27,28,29,30,32,33,34,35,36,37,38,39,40} accuracy is 73.5%
	Using feature(s) {2,3,4,5,6,8,9,10,12,13,14,15,16,17,18,20,21,22,24,25,27,28,29,30,32,33,34,35,36,37,38,39,40} accuracy is 73.8%
	Using feature(s) {2,3,4,5,6,8,9,10,11,13,14,15,16,17,18,20,21,22,24,25,27,28,29,30,32,33,34,35,36,37,38,39,40} accuracy is 74.7%
	Using feature(s) {2,3,4,5,6,8,9,10,11,12,14,15,16,17,18,20,21,22,24,25,27,28,29,30,32,33,34,35,36,37,38,39,40} accuracy is 73.6%
	Using feature(s) {2,3,4,5,6,8,9,10,11,12,13,15,16,17,18,20,21,22,24,25,27,28,29,30,32,33,34,35,36,37,38,39,40} accuracy is 72.8%
	Using feature(s) {2,3,4,5,6,8,9,10,11,12,13,14,16,17,18,20,21,22,24,25,27,28,29,30,32,33,34,35,36,37,38,39,40} accuracy is 73.4%
	Using feature(s) {2,3,4,5,6,8,9,10,11,12,13,14,15,17,18,20,21,22,24,25,27,28,29,30,32,33,34,35,36,37,38,39,40} accuracy is 74.0%
	Using feature(s) {2,3,4,5,6,8,9,10,11,12,13,14,15,16,18,20,21,22,24,25,27,28,29,30,32,33,34,35,36,37,38,39,40} accuracy is 73.9%
	Using feature(s) {2,3,4,5,6,8,9,10,11,12,13,14,15,16,17,20,21,22,24,25,27,28,29,30,32,33,34,35,36,37,38,39,40} accuracy is 71.9%
	Using feature(s) {2,3,4,5,6,8,9,10,11,12,13,14,15,16,17,18,21,22,24,25,27,28,29,30,32,33,34,35,36,37,38,39,40} accuracy is 73.5%
	Using feature(s) {2,3,4,5,6,8,9,10,11,12,13,14,15,16,17,18,20,22,24,25,27,28,29,30,32,33,34,35,36,37,38,39,40} accuracy is 73.1%
	Using feature(s) {2,3,4,5,6,8,9,10,11,12,13,14,15,16,17,18,20,21,24,25,27,28,29,30,32,33,34,35,36,37,38,39,40} accuracy is 75.1%
	Using feature(s) {2,3,4,5,6,8,9,10,11,12,13,14,15,16,17,18,20,21,22,25,27,28,29,30,32,33,34,35,36,37,38,39,40} accuracy is 73.9%
	Using feature(s) {2,3,4,5,6,8,9,10,11,12,13,14,15,16,17,18,20,21,22,24,27,28,29,30,32,33,34,35,36,37,38,39,40} accuracy is 74.0%
	Using feature(s) {2,3,4,5,6,8,9,10,11,12,13,14,15,16,17,18,20,21,22,24,25,28,29,30,32,33,34,35,36,37,38,39,40} accuracy is 74.1%
	Using feature(s) {2,3,4,5,6,8,9,10,11,12,13,14,15,16,17,18,20,21,22,24,25,27,29,30,32,33,34,35,36,37,38,39,40} accuracy is 73.0%
	Using feature(s) {2,3,4,5,6,8,9,10,11,12,13,14,15,16,17,18,20,21,22,24,25,27,28,30,32,33,34,35,36,37,38,39,40} accuracy is 72.9%
	Using feature(s) {2,3,4,5,6,8,9,10,11,12,13,14,15,16,17,18,20,21,22,24,25,27,28,29,32,33,34,35,36,37,38,39,40} accuracy is 74.6%
	Using feature(s) {2,3,4,5,6,8,9,10,11,12,13,14,15,16,17,18,20,21,22,24,25,27,28,29,30,33,34,35,36,37,38,39,40} accuracy is 72.9%
	Using feature(s) {2,3,4,5,6,8,9,10,11,12,13,14,15,16,17,18,20,21,22,24,25,27,28,29,30,32,34,35,36,37,38,39,40} accuracy is 73.3%
	Using feature(s) {2,3,4,5,6,8,9,10,11,12,13,14,15,16,17,18,20,21,22,24,25,27,28,29,30,32,33,35,36,37,38,39,40} accuracy is 73.8%
	Using feature(s) {2,3,4,5,6,8,9,10,11,12,13,14,15,16,17,18,20,21,22,24,25,27,28,29,30,32,33,34,36,37,38,39,40} accuracy is 74.2%
	Using feature(s) {2,3,4,5,6,8,9,10,11,12,13,14,15,16,17,18,20,21,22,24,25,27,28,29,30,32,33,34,35,37,38,39,40} accuracy is 74.5%
	Using feature(s) {2,3,4,5,6,8,9,10,11,12,13,14,15,16,17,18,20,21,22,24,25,27,28,29,30,32,33,34,35,36,38,39,40} accuracy is 74.4%
	Using feature(s) {2,3,4,5,6,8,9,10,11,12,13,14,15,16,17,18,20,21,22,24,25,27,28,29,30,32,33,34,35,36,37,39,40} accuracy is 74.7%
	Using feature(s) {2,3,4,5,6,8,9,10,11,12,13,14,15,16,17,18,20,21,22,24,25,27,28,29,30,32,33,34,35,36,37,38,40} accuracy is 74.5%
	Using feature(s) {2,3,4,5,6,8,9,10,11,12,13,14,15,16,17,18,20,21,22,24,25,27,28,29,30,32,33,34,35,36,37,38,39} accuracy is 74.2%


Feature set {2,3,4,5,6,8,9,10,11,12,13,14,15,16,17,18,20,21,24,25,27,28,29,30,32,33,34,35,36,37,38,39,40} was best, accuracy is 75.1%

	Using feature(s) {3,4,5,6,8,9,10,11,12,13,14,15,16,17,18,20,21,24,25,27,28,29,30,32,33,34,35,36,37,38,39,40} accuracy is 73.7%
	Using feature(s) {2,4,5,6,8,9,10,11,12,13,14,15,16,17,18,20,21,24,25,27,28,29,30,32,33,34,35,36,37,38,39,40} accuracy is 74.7%
	Using feature(s) {2,3,5,6,8,9,10,11,12,13,14,15,16,17,18,20,21,24,25,27,28,29,30,32,33,34,35,36,37,38,39,40} accuracy is 73.6%
	Using feature(s) {2,3,4,6,8,9,10,11,12,13,14,15,16,17,18,20,21,24,25,27,28,29,30,32,33,34,35,36,37,38,39,40} accuracy is 74.2%
	Using feature(s) {2,3,4,5,8,9,10,11,12,13,14,15,16,17,18,20,21,24,25,27,28,29,30,32,33,34,35,36,37,38,39,40} accuracy is 74.3%
	Using feature(s) {2,3,4,5,6,9,10,11,12,13,14,15,16,17,18,20,21,24,25,27,28,29,30,32,33,34,35,36,37,38,39,40} accuracy is 72.9%
	Using feature(s) {2,3,4,5,6,8,10,11,12,13,14,15,16,17,18,20,21,24,25,27,28,29,30,32,33,34,35,36,37,38,39,40} accuracy is 74.2%
	Using feature(s) {2,3,4,5,6,8,9,11,12,13,14,15,16,17,18,20,21,24,25,27,28,29,30,32,33,34,35,36,37,38,39,40} accuracy is 73.8%
	Using feature(s) {2,3,4,5,6,8,9,10,12,13,14,15,16,17,18,20,21,24,25,27,28,29,30,32,33,34,35,36,37,38,39,40} accuracy is 73.6%
	Using feature(s) {2,3,4,5,6,8,9,10,11,13,14,15,16,17,18,20,21,24,25,27,28,29,30,32,33,34,35,36,37,38,39,40} accuracy is 74.6%
	Using feature(s) {2,3,4,5,6,8,9,10,11,12,14,15,16,17,18,20,21,24,25,27,28,29,30,32,33,34,35,36,37,38,39,40} accuracy is 74.3%
	Using feature(s) {2,3,4,5,6,8,9,10,11,12,13,15,16,17,18,20,21,24,25,27,28,29,30,32,33,34,35,36,37,38,39,40} accuracy is 73.9%
	Using feature(s) {2,3,4,5,6,8,9,10,11,12,13,14,16,17,18,20,21,24,25,27,28,29,30,32,33,34,35,36,37,38,39,40} accuracy is 73.7%
	Using feature(s) {2,3,4,5,6,8,9,10,11,12,13,14,15,17,18,20,21,24,25,27,28,29,30,32,33,34,35,36,37,38,39,40} accuracy is 74.4%
	Using feature(s) {2,3,4,5,6,8,9,10,11,12,13,14,15,16,18,20,21,24,25,27,28,29,30,32,33,34,35,36,37,38,39,40} accuracy is 73.7%
	Using feature(s) {2,3,4,5,6,8,9,10,11,12,13,14,15,16,17,20,21,24,25,27,28,29,30,32,33,34,35,36,37,38,39,40} accuracy is 74.4%
	Using feature(s) {2,3,4,5,6,8,9,10,11,12,13,14,15,16,17,18,21,24,25,27,28,29,30,32,33,34,35,36,37,38,39,40} accuracy is 72.8%
	Using feature(s) {2,3,4,5,6,8,9,10,11,12,13,14,15,16,17,18,20,24,25,27,28,29,30,32,33,34,35,36,37,38,39,40} accuracy is 74.3%
	Using feature(s) {2,3,4,5,6,8,9,10,11,12,13,14,15,16,17,18,20,21,25,27,28,29,30,32,33,34,35,36,37,38,39,40} accuracy is 75.0%
	Using feature(s) {2,3,4,5,6,8,9,10,11,12,13,14,15,16,17,18,20,21,24,27,28,29,30,32,33,34,35,36,37,38,39,40} accuracy is 73.8%
	Using feature(s) {2,3,4,5,6,8,9,10,11,12,13,14,15,16,17,18,20,21,24,25,28,29,30,32,33,34,35,36,37,38,39,40} accuracy is 74.6%
	Using feature(s) {2,3,4,5,6,8,9,10,11,12,13,14,15,16,17,18,20,21,24,25,27,29,30,32,33,34,35,36,37,38,39,40} accuracy is 72.5%
	Using feature(s) {2,3,4,5,6,8,9,10,11,12,13,14,15,16,17,18,20,21,24,25,27,28,30,32,33,34,35,36,37,38,39,40} accuracy is 72.3%
	Using feature(s) {2,3,4,5,6,8,9,10,11,12,13,14,15,16,17,18,20,21,24,25,27,28,29,32,33,34,35,36,37,38,39,40} accuracy is 74.3%
	Using feature(s) {2,3,4,5,6,8,9,10,11,12,13,14,15,16,17,18,20,21,24,25,27,28,29,30,33,34,35,36,37,38,39,40} accuracy is 74.1%
	Using feature(s) {2,3,4,5,6,8,9,10,11,12,13,14,15,16,17,18,20,21,24,25,27,28,29,30,32,34,35,36,37,38,39,40} accuracy is 74.1%
	Using feature(s) {2,3,4,5,6,8,9,10,11,12,13,14,15,16,17,18,20,21,24,25,27,28,29,30,32,33,35,36,37,38,39,40} accuracy is 74.0%
	Using feature(s) {2,3,4,5,6,8,9,10,11,12,13,14,15,16,17,18,20,21,24,25,27,28,29,30,32,33,34,36,37,38,39,40} accuracy is 74.2%
	Using feature(s) {2,3,4,5,6,8,9,10,11,12,13,14,15,16,17,18,20,21,24,25,27,28,29,30,32,33,34,35,37,38,39,40} accuracy is 75.4%
	Using feature(s) {2,3,4,5,6,8,9,10,11,12,13,14,15,16,17,18,20,21,24,25,27,28,29,30,32,33,34,35,36,38,39,40} accuracy is 74.3%
	Using feature(s) {2,3,4,5,6,8,9,10,11,12,13,14,15,16,17,18,20,21,24,25,27,28,29,30,32,33,34,35,36,37,39,40} accuracy is 75.0%
	Using feature(s) {2,3,4,5,6,8,9,10,11,12,13,14,15,16,17,18,20,21,24,25,27,28,29,30,32,33,34,35,36,37,38,40} accuracy is 74.5%
	Using feature(s) {2,3,4,5,6,8,9,10,11,12,13,14,15,16,17,18,20,21,24,25,27,28,29,30,32,33,34,35,36,37,38,39} accuracy is 74.0%


Feature set {2,3,4,5,6,8,9,10,11,12,13,14,15,16,17,18,20,21,24,25,27,28,29,30,32,33,34,35,37,38,39,40} was best, accuracy is 75.4%

	Using feature(s) {3,4,5,6,8,9,10,11,12,13,14,15,16,17,18,20,21,24,25,27,28,29,30,32,33,34,35,37,38,39,40} accuracy is 73.7%
	Using feature(s) {2,4,5,6,8,9,10,11,12,13,14,15,16,17,18,20,21,24,25,27,28,29,30,32,33,34,35,37,38,39,40} accuracy is 74.4%
	Using feature(s) {2,3,5,6,8,9,10,11,12,13,14,15,16,17,18,20,21,24,25,27,28,29,30,32,33,34,35,37,38,39,40} accuracy is 73.9%
	Using feature(s) {2,3,4,6,8,9,10,11,12,13,14,15,16,17,18,20,21,24,25,27,28,29,30,32,33,34,35,37,38,39,40} accuracy is 74.9%
	Using feature(s) {2,3,4,5,8,9,10,11,12,13,14,15,16,17,18,20,21,24,25,27,28,29,30,32,33,34,35,37,38,39,40} accuracy is 75.9%
	Using feature(s) {2,3,4,5,6,9,10,11,12,13,14,15,16,17,18,20,21,24,25,27,28,29,30,32,33,34,35,37,38,39,40} accuracy is 73.0%
	Using feature(s) {2,3,4,5,6,8,10,11,12,13,14,15,16,17,18,20,21,24,25,27,28,29,30,32,33,34,35,37,38,39,40} accuracy is 74.7%
	Using feature(s) {2,3,4,5,6,8,9,11,12,13,14,15,16,17,18,20,21,24,25,27,28,29,30,32,33,34,35,37,38,39,40} accuracy is 75.3%
	Using feature(s) {2,3,4,5,6,8,9,10,12,13,14,15,16,17,18,20,21,24,25,27,28,29,30,32,33,34,35,37,38,39,40} accuracy is 74.8%
	Using feature(s) {2,3,4,5,6,8,9,10,11,13,14,15,16,17,18,20,21,24,25,27,28,29,30,32,33,34,35,37,38,39,40} accuracy is 75.3%
	Using feature(s) {2,3,4,5,6,8,9,10,11,12,14,15,16,17,18,20,21,24,25,27,28,29,30,32,33,34,35,37,38,39,40} accuracy is 74.7%
	Using feature(s) {2,3,4,5,6,8,9,10,11,12,13,15,16,17,18,20,21,24,25,27,28,29,30,32,33,34,35,37,38,39,40} accuracy is 74.7%
	Using feature(s) {2,3,4,5,6,8,9,10,11,12,13,14,16,17,18,20,21,24,25,27,28,29,30,32,33,34,35,37,38,39,40} accuracy is 75.0%
	Using feature(s) {2,3,4,5,6,8,9,10,11,12,13,14,15,17,18,20,21,24,25,27,28,29,30,32,33,34,35,37,38,39,40} accuracy is 74.6%
	Using feature(s) {2,3,4,5,6,8,9,10,11,12,13,14,15,16,18,20,21,24,25,27,28,29,30,32,33,34,35,37,38,39,40} accuracy is 74.8%
	Using feature(s) {2,3,4,5,6,8,9,10,11,12,13,14,15,16,17,20,21,24,25,27,28,29,30,32,33,34,35,37,38,39,40} accuracy is 74.8%
	Using feature(s) {2,3,4,5,6,8,9,10,11,12,13,14,15,16,17,18,21,24,25,27,28,29,30,32,33,34,35,37,38,39,40} accuracy is 73.6%
	Using feature(s) {2,3,4,5,6,8,9,10,11,12,13,14,15,16,17,18,20,24,25,27,28,29,30,32,33,34,35,37,38,39,40} accuracy is 73.9%
	Using feature(s) {2,3,4,5,6,8,9,10,11,12,13,14,15,16,17,18,20,21,25,27,28,29,30,32,33,34,35,37,38,39,40} accuracy is 75.8%
	Using feature(s) {2,3,4,5,6,8,9,10,11,12,13,14,15,16,17,18,20,21,24,27,28,29,30,32,33,34,35,37,38,39,40} accuracy is 74.1%
	Using feature(s) {2,3,4,5,6,8,9,10,11,12,13,14,15,16,17,18,20,21,24,25,28,29,30,32,33,34,35,37,38,39,40} accuracy is 75.3%
	Using feature(s) {2,3,4,5,6,8,9,10,11,12,13,14,15,16,17,18,20,21,24,25,27,29,30,32,33,34,35,37,38,39,40} accuracy is 73.6%
	Using feature(s) {2,3,4,5,6,8,9,10,11,12,13,14,15,16,17,18,20,21,24,25,27,28,30,32,33,34,35,37,38,39,40} accuracy is 74.6%
	Using feature(s) {2,3,4,5,6,8,9,10,11,12,13,14,15,16,17,18,20,21,24,25,27,28,29,32,33,34,35,37,38,39,40} accuracy is 74.6%
	Using feature(s) {2,3,4,5,6,8,9,10,11,12,13,14,15,16,17,18,20,21,24,25,27,28,29,30,33,34,35,37,38,39,40} accuracy is 74.6%
	Using feature(s) {2,3,4,5,6,8,9,10,11,12,13,14,15,16,17,18,20,21,24,25,27,28,29,30,32,34,35,37,38,39,40} accuracy is 74.5%
	Using feature(s) {2,3,4,5,6,8,9,10,11,12,13,14,15,16,17,18,20,21,24,25,27,28,29,30,32,33,35,37,38,39,40} accuracy is 72.9%
	Using feature(s) {2,3,4,5,6,8,9,10,11,12,13,14,15,16,17,18,20,21,24,25,27,28,29,30,32,33,34,37,38,39,40} accuracy is 74.3%
	Using feature(s) {2,3,4,5,6,8,9,10,11,12,13,14,15,16,17,18,20,21,24,25,27,28,29,30,32,33,34,35,38,39,40} accuracy is 75.5%
	Using feature(s) {2,3,4,5,6,8,9,10,11,12,13,14,15,16,17,18,20,21,24,25,27,28,29,30,32,33,34,35,37,39,40} accuracy is 75.8%
	Using feature(s) {2,3,4,5,6,8,9,10,11,12,13,14,15,16,17,18,20,21,24,25,27,28,29,30,32,33,34,35,37,38,40} accuracy is 75.6%
	Using feature(s) {2,3,4,5,6,8,9,10,11,12,13,14,15,16,17,18,20,21,24,25,27,28,29,30,32,33,34,35,37,38,39} accuracy is 73.4%


Feature set {2,3,4,5,8,9,10,11,12,13,14,15,16,17,18,20,21,24,25,27,28,29,30,32,33,34,35,37,38,39,40} was best, accuracy is 75.9%

	Using feature(s) {3,4,5,8,9,10,11,12,13,14,15,16,17,18,20,21,24,25,27,28,29,30,32,33,34,35,37,38,39,40} accuracy is 73.9%
	Using feature(s) {2,4,5,8,9,10,11,12,13,14,15,16,17,18,20,21,24,25,27,28,29,30,32,33,34,35,37,38,39,40} accuracy is 74.6%
	Using feature(s) {2,3,5,8,9,10,11,12,13,14,15,16,17,18,20,21,24,25,27,28,29,30,32,33,34,35,37,38,39,40} accuracy is 74.2%
	Using feature(s) {2,3,4,8,9,10,11,12,13,14,15,16,17,18,20,21,24,25,27,28,29,30,32,33,34,35,37,38,39,40} accuracy is 74.2%
	Using feature(s) {2,3,4,5,9,10,11,12,13,14,15,16,17,18,20,21,24,25,27,28,29,30,32,33,34,35,37,38,39,40} accuracy is 74.4%
	Using feature(s) {2,3,4,5,8,10,11,12,13,14,15,16,17,18,20,21,24,25,27,28,29,30,32,33,34,35,37,38,39,40} accuracy is 73.8%
	Using feature(s) {2,3,4,5,8,9,11,12,13,14,15,16,17,18,20,21,24,25,27,28,29,30,32,33,34,35,37,38,39,40} accuracy is 74.3%
	Using feature(s) {2,3,4,5,8,9,10,12,13,14,15,16,17,18,20,21,24,25,27,28,29,30,32,33,34,35,37,38,39,40} accuracy is 75.0%
	Using feature(s) {2,3,4,5,8,9,10,11,13,14,15,16,17,18,20,21,24,25,27,28,29,30,32,33,34,35,37,38,39,40} accuracy is 75.3%
	Using feature(s) {2,3,4,5,8,9,10,11,12,14,15,16,17,18,20,21,24,25,27,28,29,30,32,33,34,35,37,38,39,40} accuracy is 74.7%
	Using feature(s) {2,3,4,5,8,9,10,11,12,13,15,16,17,18,20,21,24,25,27,28,29,30,32,33,34,35,37,38,39,40} accuracy is 74.0%
	Using feature(s) {2,3,4,5,8,9,10,11,12,13,14,16,17,18,20,21,24,25,27,28,29,30,32,33,34,35,37,38,39,40} accuracy is 73.9%
	Using feature(s) {2,3,4,5,8,9,10,11,12,13,14,15,17,18,20,21,24,25,27,28,29,30,32,33,34,35,37,38,39,40} accuracy is 75.0%
	Using feature(s) {2,3,4,5,8,9,10,11,12,13,14,15,16,18,20,21,24,25,27,28,29,30,32,33,34,35,37,38,39,40} accuracy is 73.7%
	Using feature(s) {2,3,4,5,8,9,10,11,12,13,14,15,16,17,20,21,24,25,27,28,29,30,32,33,34,35,37,38,39,40} accuracy is 75.2%
	Using feature(s) {2,3,4,5,8,9,10,11,12,13,14,15,16,17,18,21,24,25,27,28,29,30,32,33,34,35,37,38,39,40} accuracy is 71.8%
	Using feature(s) {2,3,4,5,8,9,10,11,12,13,14,15,16,17,18,20,24,25,27,28,29,30,32,33,34,35,37,38,39,40} accuracy is 74.5%
	Using feature(s) {2,3,4,5,8,9,10,11,12,13,14,15,16,17,18,20,21,25,27,28,29,30,32,33,34,35,37,38,39,40} accuracy is 75.2%
	Using feature(s) {2,3,4,5,8,9,10,11,12,13,14,15,16,17,18,20,21,24,27,28,29,30,32,33,34,35,37,38,39,40} accuracy is 73.5%
	Using feature(s) {2,3,4,5,8,9,10,11,12,13,14,15,16,17,18,20,21,24,25,28,29,30,32,33,34,35,37,38,39,40} accuracy is 74.1%
	Using feature(s) {2,3,4,5,8,9,10,11,12,13,14,15,16,17,18,20,21,24,25,27,29,30,32,33,34,35,37,38,39,40} accuracy is 72.6%
	Using feature(s) {2,3,4,5,8,9,10,11,12,13,14,15,16,17,18,20,21,24,25,27,28,30,32,33,34,35,37,38,39,40} accuracy is 74.5%
	Using feature(s) {2,3,4,5,8,9,10,11,12,13,14,15,16,17,18,20,21,24,25,27,28,29,32,33,34,35,37,38,39,40} accuracy is 74.2%
	Using feature(s) {2,3,4,5,8,9,10,11,12,13,14,15,16,17,18,20,21,24,25,27,28,29,30,33,34,35,37,38,39,40} accuracy is 73.6%
	Using feature(s) {2,3,4,5,8,9,10,11,12,13,14,15,16,17,18,20,21,24,25,27,28,29,30,32,34,35,37,38,39,40} accuracy is 74.1%
	Using feature(s) {2,3,4,5,8,9,10,11,12,13,14,15,16,17,18,20,21,24,25,27,28,29,30,32,33,35,37,38,39,40} accuracy is 73.6%
	Using feature(s) {2,3,4,5,8,9,10,11,12,13,14,15,16,17,18,20,21,24,25,27,28,29,30,32,33,34,37,38,39,40} accuracy is 74.4%
	Using feature(s) {2,3,4,5,8,9,10,11,12,13,14,15,16,17,18,20,21,24,25,27,28,29,30,32,33,34,35,38,39,40} accuracy is 75.2%
	Using feature(s) {2,3,4,5,8,9,10,11,12,13,14,15,16,17,18,20,21,24,25,27,28,29,30,32,33,34,35,37,39,40} accuracy is 75.0%
	Using feature(s) {2,3,4,5,8,9,10,11,12,13,14,15,16,17,18,20,21,24,25,27,28,29,30,32,33,34,35,37,38,40} accuracy is 74.7%
	Using feature(s) {2,3,4,5,8,9,10,11,12,13,14,15,16,17,18,20,21,24,25,27,28,29,30,32,33,34,35,37,38,39} accuracy is 73.9%


Feature set {2,3,4,5,8,9,10,11,13,14,15,16,17,18,20,21,24,25,27,28,29,30,32,33,34,35,37,38,39,40} was best, accuracy is 75.3%

	Using feature(s) {3,4,5,8,9,10,11,13,14,15,16,17,18,20,21,24,25,27,28,29,30,32,33,34,35,37,38,39,40} accuracy is 74.7%
	Using feature(s) {2,4,5,8,9,10,11,13,14,15,16,17,18,20,21,24,25,27,28,29,30,32,33,34,35,37,38,39,40} accuracy is 75.0%
	Using feature(s) {2,3,5,8,9,10,11,13,14,15,16,17,18,20,21,24,25,27,28,29,30,32,33,34,35,37,38,39,40} accuracy is 74.1%
	Using feature(s) {2,3,4,8,9,10,11,13,14,15,16,17,18,20,21,24,25,27,28,29,30,32,33,34,35,37,38,39,40} accuracy is 73.1%
	Using feature(s) {2,3,4,5,9,10,11,13,14,15,16,17,18,20,21,24,25,27,28,29,30,32,33,34,35,37,38,39,40} accuracy is 74.0%
	Using feature(s) {2,3,4,5,8,10,11,13,14,15,16,17,18,20,21,24,25,27,28,29,30,32,33,34,35,37,38,39,40} accuracy is 73.0%
	Using feature(s) {2,3,4,5,8,9,11,13,14,15,16,17,18,20,21,24,25,27,28,29,30,32,33,34,35,37,38,39,40} accuracy is 75.2%
	Using feature(s) {2,3,4,5,8,9,10,13,14,15,16,17,18,20,21,24,25,27,28,29,30,32,33,34,35,37,38,39,40} accuracy is 75.3%
	Using feature(s) {2,3,4,5,8,9,10,11,14,15,16,17,18,20,21,24,25,27,28,29,30,32,33,34,35,37,38,39,40} accuracy is 74.5%
	Using feature(s) {2,3,4,5,8,9,10,11,13,15,16,17,18,20,21,24,25,27,28,29,30,32,33,34,35,37,38,39,40} accuracy is 74.5%
	Using feature(s) {2,3,4,5,8,9,10,11,13,14,16,17,18,20,21,24,25,27,28,29,30,32,33,34,35,37,38,39,40} accuracy is 73.6%
	Using feature(s) {2,3,4,5,8,9,10,11,13,14,15,17,18,20,21,24,25,27,28,29,30,32,33,34,35,37,38,39,40} accuracy is 75.1%
	Using feature(s) {2,3,4,5,8,9,10,11,13,14,15,16,18,20,21,24,25,27,28,29,30,32,33,34,35,37,38,39,40} accuracy is 74.4%
	Using feature(s) {2,3,4,5,8,9,10,11,13,14,15,16,17,20,21,24,25,27,28,29,30,32,33,34,35,37,38,39,40} accuracy is 74.0%
	Using feature(s) {2,3,4,5,8,9,10,11,13,14,15,16,17,18,21,24,25,27,28,29,30,32,33,34,35,37,38,39,40} accuracy is 72.9%
	Using feature(s) {2,3,4,5,8,9,10,11,13,14,15,16,17,18,20,24,25,27,28,29,30,32,33,34,35,37,38,39,40} accuracy is 75.3%
	Using feature(s) {2,3,4,5,8,9,10,11,13,14,15,16,17,18,20,21,25,27,28,29,30,32,33,34,35,37,38,39,40} accuracy is 74.1%
	Using feature(s) {2,3,4,5,8,9,10,11,13,14,15,16,17,18,20,21,24,27,28,29,30,32,33,34,35,37,38,39,40} accuracy is 73.9%
	Using feature(s) {2,3,4,5,8,9,10,11,13,14,15,16,17,18,20,21,24,25,28,29,30,32,33,34,35,37,38,39,40} accuracy is 74.0%
	Using feature(s) {2,3,4,5,8,9,10,11,13,14,15,16,17,18,20,21,24,25,27,29,30,32,33,34,35,37,38,39,40} accuracy is 74.0%
	Using feature(s) {2,3,4,5,8,9,10,11,13,14,15,16,17,18,20,21,24,25,27,28,30,32,33,34,35,37,38,39,40} accuracy is 73.8%
	Using feature(s) {2,3,4,5,8,9,10,11,13,14,15,16,17,18,20,21,24,25,27,28,29,32,33,34,35,37,38,39,40} accuracy is 73.6%
	Using feature(s) {2,3,4,5,8,9,10,11,13,14,15,16,17,18,20,21,24,25,27,28,29,30,33,34,35,37,38,39,40} accuracy is 73.1%
	Using feature(s) {2,3,4,5,8,9,10,11,13,14,15,16,17,18,20,21,24,25,27,28,29,30,32,34,35,37,38,39,40} accuracy is 73.4%
	Using feature(s) {2,3,4,5,8,9,10,11,13,14,15,16,17,18,20,21,24,25,27,28,29,30,32,33,35,37,38,39,40} accuracy is 73.5%
	Using feature(s) {2,3,4,5,8,9,10,11,13,14,15,16,17,18,20,21,24,25,27,28,29,30,32,33,34,37,38,39,40} accuracy is 73.5%
	Using feature(s) {2,3,4,5,8,9,10,11,13,14,15,16,17,18,20,21,24,25,27,28,29,30,32,33,34,35,38,39,40} accuracy is 74.1%
	Using feature(s) {2,3,4,5,8,9,10,11,13,14,15,16,17,18,20,21,24,25,27,28,29,30,32,33,34,35,37,39,40} accuracy is 74.2%
	Using feature(s) {2,3,4,5,8,9,10,11,13,14,15,16,17,18,20,21,24,25,27,28,29,30,32,33,34,35,37,38,40} accuracy is 74.9%
	Using feature(s) {2,3,4,5,8,9,10,11,13,14,15,16,17,18,20,21,24,25,27,28,29,30,32,33,34,35,37,38,39} accuracy is 73.8%


Feature set {2,3,4,5,8,9,10,13,14,15,16,17,18,20,21,24,25,27,28,29,30,32,33,34,35,37,38,39,40} was best, accuracy is 75.3%

	Using feature(s) {3,4,5,8,9,10,13,14,15,16,17,18,20,21,24,25,27,28,29,30,32,33,34,35,37,38,39,40} accuracy is 74.9%
	Using feature(s) {2,4,5,8,9,10,13,14,15,16,17,18,20,21,24,25,27,28,29,30,32,33,34,35,37,38,39,40} accuracy is 75.3%
	Using feature(s) {2,3,5,8,9,10,13,14,15,16,17,18,20,21,24,25,27,28,29,30,32,33,34,35,37,38,39,40} accuracy is 74.6%
	Using feature(s) {2,3,4,8,9,10,13,14,15,16,17,18,20,21,24,25,27,28,29,30,32,33,34,35,37,38,39,40} accuracy is 74.1%
	Using feature(s) {2,3,4,5,9,10,13,14,15,16,17,18,20,21,24,25,27,28,29,30,32,33,34,35,37,38,39,40} accuracy is 74.1%
	Using feature(s) {2,3,4,5,8,10,13,14,15,16,17,18,20,21,24,25,27,28,29,30,32,33,34,35,37,38,39,40} accuracy is 73.4%
	Using feature(s) {2,3,4,5,8,9,13,14,15,16,17,18,20,21,24,25,27,28,29,30,32,33,34,35,37,38,39,40} accuracy is 75.1%
	Using feature(s) {2,3,4,5,8,9,10,14,15,16,17,18,20,21,24,25,27,28,29,30,32,33,34,35,37,38,39,40} accuracy is 75.0%
	Using feature(s) {2,3,4,5,8,9,10,13,15,16,17,18,20,21,24,25,27,28,29,30,32,33,34,35,37,38,39,40} accuracy is 76.2%
	Using feature(s) {2,3,4,5,8,9,10,13,14,16,17,18,20,21,24,25,27,28,29,30,32,33,34,35,37,38,39,40} accuracy is 74.7%
	Using feature(s) {2,3,4,5,8,9,10,13,14,15,17,18,20,21,24,25,27,28,29,30,32,33,34,35,37,38,39,40} accuracy is 75.4%
	Using feature(s) {2,3,4,5,8,9,10,13,14,15,16,18,20,21,24,25,27,28,29,30,32,33,34,35,37,38,39,40} accuracy is 74.5%
	Using feature(s) {2,3,4,5,8,9,10,13,14,15,16,17,20,21,24,25,27,28,29,30,32,33,34,35,37,38,39,40} accuracy is 73.6%
	Using feature(s) {2,3,4,5,8,9,10,13,14,15,16,17,18,21,24,25,27,28,29,30,32,33,34,35,37,38,39,40} accuracy is 74.3%
	Using feature(s) {2,3,4,5,8,9,10,13,14,15,16,17,18,20,24,25,27,28,29,30,32,33,34,35,37,38,39,40} accuracy is 75.7%
	Using feature(s) {2,3,4,5,8,9,10,13,14,15,16,17,18,20,21,25,27,28,29,30,32,33,34,35,37,38,39,40} accuracy is 75.4%
	Using feature(s) {2,3,4,5,8,9,10,13,14,15,16,17,18,20,21,24,27,28,29,30,32,33,34,35,37,38,39,40} accuracy is 73.9%
	Using feature(s) {2,3,4,5,8,9,10,13,14,15,16,17,18,20,21,24,25,28,29,30,32,33,34,35,37,38,39,40} accuracy is 74.9%
	Using feature(s) {2,3,4,5,8,9,10,13,14,15,16,17,18,20,21,24,25,27,29,30,32,33,34,35,37,38,39,40} accuracy is 72.9%
	Using feature(s) {2,3,4,5,8,9,10,13,14,15,16,17,18,20,21,24,25,27,28,30,32,33,34,35,37,38,39,40} accuracy is 75.9%
	Using feature(s) {2,3,4,5,8,9,10,13,14,15,16,17,18,20,21,24,25,27,28,29,32,33,34,35,37,38,39,40} accuracy is 75.6%
	Using feature(s) {2,3,4,5,8,9,10,13,14,15,16,17,18,20,21,24,25,27,28,29,30,33,34,35,37,38,39,40} accuracy is 74.5%
	Using feature(s) {2,3,4,5,8,9,10,13,14,15,16,17,18,20,21,24,25,27,28,29,30,32,34,35,37,38,39,40} accuracy is 74.7%
	Using feature(s) {2,3,4,5,8,9,10,13,14,15,16,17,18,20,21,24,25,27,28,29,30,32,33,35,37,38,39,40} accuracy is 73.5%
	Using feature(s) {2,3,4,5,8,9,10,13,14,15,16,17,18,20,21,24,25,27,28,29,30,32,33,34,37,38,39,40} accuracy is 74.8%
	Using feature(s) {2,3,4,5,8,9,10,13,14,15,16,17,18,20,21,24,25,27,28,29,30,32,33,34,35,38,39,40} accuracy is 75.2%
	Using feature(s) {2,3,4,5,8,9,10,13,14,15,16,17,18,20,21,24,25,27,28,29,30,32,33,34,35,37,39,40} accuracy is 75.7%
	Using feature(s) {2,3,4,5,8,9,10,13,14,15,16,17,18,20,21,24,25,27,28,29,30,32,33,34,35,37,38,40} accuracy is 74.1%
	Using feature(s) {2,3,4,5,8,9,10,13,14,15,16,17,18,20,21,24,25,27,28,29,30,32,33,34,35,37,38,39} accuracy is 73.6%


Feature set {2,3,4,5,8,9,10,13,15,16,17,18,20,21,24,25,27,28,29,30,32,33,34,35,37,38,39,40} was best, accuracy is 76.2%

	Using feature(s) {3,4,5,8,9,10,13,15,16,17,18,20,21,24,25,27,28,29,30,32,33,34,35,37,38,39,40} accuracy is 74.6%
	Using feature(s) {2,4,5,8,9,10,13,15,16,17,18,20,21,24,25,27,28,29,30,32,33,34,35,37,38,39,40} accuracy is 74.0%
	Using feature(s) {2,3,5,8,9,10,13,15,16,17,18,20,21,24,25,27,28,29,30,32,33,34,35,37,38,39,40} accuracy is 75.2%
	Using feature(s) {2,3,4,8,9,10,13,15,16,17,18,20,21,24,25,27,28,29,30,32,33,34,35,37,38,39,40} accuracy is 74.9%
	Using feature(s) {2,3,4,5,9,10,13,15,16,17,18,20,21,24,25,27,28,29,30,32,33,34,35,37,38,39,40} accuracy is 74.4%
	Using feature(s) {2,3,4,5,8,10,13,15,16,17,18,20,21,24,25,27,28,29,30,32,33,34,35,37,38,39,40} accuracy is 73.9%
	Using feature(s) {2,3,4,5,8,9,13,15,16,17,18,20,21,24,25,27,28,29,30,32,33,34,35,37,38,39,40} accuracy is 75.1%
	Using feature(s) {2,3,4,5,8,9,10,15,16,17,18,20,21,24,25,27,28,29,30,32,33,34,35,37,38,39,40} accuracy is 73.8%
	Using feature(s) {2,3,4,5,8,9,10,13,16,17,18,20,21,24,25,27,28,29,30,32,33,34,35,37,38,39,40} accuracy is 74.1%
	Using feature(s) {2,3,4,5,8,9,10,13,15,17,18,20,21,24,25,27,28,29,30,32,33,34,35,37,38,39,40} accuracy is 75.2%
	Using feature(s) {2,3,4,5,8,9,10,13,15,16,18,20,21,24,25,27,28,29,30,32,33,34,35,37,38,39,40} accuracy is 74.3%
	Using feature(s) {2,3,4,5,8,9,10,13,15,16,17,20,21,24,25,27,28,29,30,32,33,34,35,37,38,39,40} accuracy is 73.1%
	Using feature(s) {2,3,4,5,8,9,10,13,15,16,17,18,21,24,25,27,28,29,30,32,33,34,35,37,38,39,40} accuracy is 72.9%
	Using feature(s) {2,3,4,5,8,9,10,13,15,16,17,18,20,24,25,27,28,29,30,32,33,34,35,37,38,39,40} accuracy is 75.8%
	Using feature(s) {2,3,4,5,8,9,10,13,15,16,17,18,20,21,25,27,28,29,30,32,33,34,35,37,38,39,40} accuracy is 75.4%
	Using feature(s) {2,3,4,5,8,9,10,13,15,16,17,18,20,21,24,27,28,29,30,32,33,34,35,37,38,39,40} accuracy is 72.6%
	Using feature(s) {2,3,4,5,8,9,10,13,15,16,17,18,20,21,24,25,28,29,30,32,33,34,35,37,38,39,40} accuracy is 74.8%
	Using feature(s) {2,3,4,5,8,9,10,13,15,16,17,18,20,21,24,25,27,29,30,32,33,34,35,37,38,39,40} accuracy is 73.8%
	Using feature(s) {2,3,4,5,8,9,10,13,15,16,17,18,20,21,24,25,27,28,30,32,33,34,35,37,38,39,40} accuracy is 75.1%
	Using feature(s) {2,3,4,5,8,9,10,13,15,16,17,18,20,21,24,25,27,28,29,32,33,34,35,37,38,39,40} accuracy is 74.8%
	Using feature(s) {2,3,4,5,8,9,10,13,15,16,17,18,20,21,24,25,27,28,29,30,33,34,35,37,38,39,40} accuracy is 74.7%
	Using feature(s) {2,3,4,5,8,9,10,13,15,16,17,18,20,21,24,25,27,28,29,30,32,34,35,37,38,39,40} accuracy is 74.4%
	Using feature(s) {2,3,4,5,8,9,10,13,15,16,17,18,20,21,24,25,27,28,29,30,32,33,35,37,38,39,40} accuracy is 73.8%
	Using feature(s) {2,3,4,5,8,9,10,13,15,16,17,18,20,21,24,25,27,28,29,30,32,33,34,37,38,39,40} accuracy is 74.7%
	Using feature(s) {2,3,4,5,8,9,10,13,15,16,17,18,20,21,24,25,27,28,29,30,32,33,34,35,38,39,40} accuracy is 74.7%
	Using feature(s) {2,3,4,5,8,9,10,13,15,16,17,18,20,21,24,25,27,28,29,30,32,33,34,35,37,39,40} accuracy is 74.7%
	Using feature(s) {2,3,4,5,8,9,10,13,15,16,17,18,20,21,24,25,27,28,29,30,32,33,34,35,37,38,40} accuracy is 75.4%
	Using feature(s) {2,3,4,5,8,9,10,13,15,16,17,18,20,21,24,25,27,28,29,30,32,33,34,35,37,38,39} accuracy is 74.6%


Feature set {2,3,4,5,8,9,10,13,15,16,17,18,20,24,25,27,28,29,30,32,33,34,35,37,38,39,40} was best, accuracy is 75.8%

	Using feature(s) {3,4,5,8,9,10,13,15,16,17,18,20,24,25,27,28,29,30,32,33,34,35,37,38,39,40} accuracy is 75.3%
	Using feature(s) {2,4,5,8,9,10,13,15,16,17,18,20,24,25,27,28,29,30,32,33,34,35,37,38,39,40} accuracy is 74.4%
	Using feature(s) {2,3,5,8,9,10,13,15,16,17,18,20,24,25,27,28,29,30,32,33,34,35,37,38,39,40} accuracy is 74.3%
	Using feature(s) {2,3,4,8,9,10,13,15,16,17,18,20,24,25,27,28,29,30,32,33,34,35,37,38,39,40} accuracy is 74.1%
	Using feature(s) {2,3,4,5,9,10,13,15,16,17,18,20,24,25,27,28,29,30,32,33,34,35,37,38,39,40} accuracy is 73.8%
	Using feature(s) {2,3,4,5,8,10,13,15,16,17,18,20,24,25,27,28,29,30,32,33,34,35,37,38,39,40} accuracy is 73.2%
	Using feature(s) {2,3,4,5,8,9,13,15,16,17,18,20,24,25,27,28,29,30,32,33,34,35,37,38,39,40} accuracy is 74.6%
	Using feature(s) {2,3,4,5,8,9,10,15,16,17,18,20,24,25,27,28,29,30,32,33,34,35,37,38,39,40} accuracy is 74.3%
	Using feature(s) {2,3,4,5,8,9,10,13,16,17,18,20,24,25,27,28,29,30,32,33,34,35,37,38,39,40} accuracy is 74.9%
	Using feature(s) {2,3,4,5,8,9,10,13,15,17,18,20,24,25,27,28,29,30,32,33,34,35,37,38,39,40} accuracy is 74.3%
	Using feature(s) {2,3,4,5,8,9,10,13,15,16,18,20,24,25,27,28,29,30,32,33,34,35,37,38,39,40} accuracy is 73.5%
	Using feature(s) {2,3,4,5,8,9,10,13,15,16,17,20,24,25,27,28,29,30,32,33,34,35,37,38,39,40} accuracy is 73.6%
	Using feature(s) {2,3,4,5,8,9,10,13,15,16,17,18,24,25,27,28,29,30,32,33,34,35,37,38,39,40} accuracy is 72.4%
	Using feature(s) {2,3,4,5,8,9,10,13,15,16,17,18,20,25,27,28,29,30,32,33,34,35,37,38,39,40} accuracy is 75.6%
	Using feature(s) {2,3,4,5,8,9,10,13,15,16,17,18,20,24,27,28,29,30,32,33,34,35,37,38,39,40} accuracy is 74.0%
	Using feature(s) {2,3,4,5,8,9,10,13,15,16,17,18,20,24,25,28,29,30,32,33,34,35,37,38,39,40} accuracy is 73.0%
	Using feature(s) {2,3,4,5,8,9,10,13,15,16,17,18,20,24,25,27,29,30,32,33,34,35,37,38,39,40} accuracy is 72.5%
	Using feature(s) {2,3,4,5,8,9,10,13,15,16,17,18,20,24,25,27,28,30,32,33,34,35,37,38,39,40} accuracy is 75.0%
	Using feature(s) {2,3,4,5,8,9,10,13,15,16,17,18,20,24,25,27,28,29,32,33,34,35,37,38,39,40} accuracy is 75.6%
	Using feature(s) {2,3,4,5,8,9,10,13,15,16,17,18,20,24,25,27,28,29,30,33,34,35,37,38,39,40} accuracy is 74.6%
	Using feature(s) {2,3,4,5,8,9,10,13,15,16,17,18,20,24,25,27,28,29,30,32,34,35,37,38,39,40} accuracy is 73.2%
	Using feature(s) {2,3,4,5,8,9,10,13,15,16,17,18,20,24,25,27,28,29,30,32,33,35,37,38,39,40} accuracy is 73.6%
	Using feature(s) {2,3,4,5,8,9,10,13,15,16,17,18,20,24,25,27,28,29,30,32,33,34,37,38,39,40} accuracy is 74.2%
	Using feature(s) {2,3,4,5,8,9,10,13,15,16,17,18,20,24,25,27,28,29,30,32,33,34,35,38,39,40} accuracy is 74.1%
	Using feature(s) {2,3,4,5,8,9,10,13,15,16,17,18,20,24,25,27,28,29,30,32,33,34,35,37,39,40} accuracy is 75.0%
	Using feature(s) {2,3,4,5,8,9,10,13,15,16,17,18,20,24,25,27,28,29,30,32,33,34,35,37,38,40} accuracy is 75.7%
	Using feature(s) {2,3,4,5,8,9,10,13,15,16,17,18,20,24,25,27,28,29,30,32,33,34,35,37,38,39} accuracy is 74.0%


Feature set {2,3,4,5,8,9,10,13,15,16,17,18,20,24,25,27,28,29,30,32,33,34,35,37,38,40} was best, accuracy is 75.7%

	Using feature(s) {3,4,5,8,9,10,13,15,16,17,18,20,24,25,27,28,29,30,32,33,34,35,37,38,40} accuracy is 74.5%
	Using feature(s) {2,4,5,8,9,10,13,15,16,17,18,20,24,25,27,28,29,30,32,33,34,35,37,38,40} accuracy is 75.0%
	Using feature(s) {2,3,5,8,9,10,13,15,16,17,18,20,24,25,27,28,29,30,32,33,34,35,37,38,40} accuracy is 74.7%
	Using feature(s) {2,3,4,8,9,10,13,15,16,17,18,20,24,25,27,28,29,30,32,33,34,35,37,38,40} accuracy is 73.9%
	Using feature(s) {2,3,4,5,9,10,13,15,16,17,18,20,24,25,27,28,29,30,32,33,34,35,37,38,40} accuracy is 74.9%
	Using feature(s) {2,3,4,5,8,10,13,15,16,17,18,20,24,25,27,28,29,30,32,33,34,35,37,38,40} accuracy is 73.9%
	Using feature(s) {2,3,4,5,8,9,13,15,16,17,18,20,24,25,27,28,29,30,32,33,34,35,37,38,40} accuracy is 73.5%
	Using feature(s) {2,3,4,5,8,9,10,15,16,17,18,20,24,25,27,28,29,30,32,33,34,35,37,38,40} accuracy is 72.9%
	Using feature(s) {2,3,4,5,8,9,10,13,16,17,18,20,24,25,27,28,29,30,32,33,34,35,37,38,40} accuracy is 75.5%
	Using feature(s) {2,3,4,5,8,9,10,13,15,17,18,20,24,25,27,28,29,30,32,33,34,35,37,38,40} accuracy is 74.7%
	Using feature(s) {2,3,4,5,8,9,10,13,15,16,18,20,24,25,27,28,29,30,32,33,34,35,37,38,40} accuracy is 74.1%
	Using feature(s) {2,3,4,5,8,9,10,13,15,16,17,20,24,25,27,28,29,30,32,33,34,35,37,38,40} accuracy is 74.5%
	Using feature(s) {2,3,4,5,8,9,10,13,15,16,17,18,24,25,27,28,29,30,32,33,34,35,37,38,40} accuracy is 73.6%
	Using feature(s) {2,3,4,5,8,9,10,13,15,16,17,18,20,25,27,28,29,30,32,33,34,35,37,38,40} accuracy is 74.0%
	Using feature(s) {2,3,4,5,8,9,10,13,15,16,17,18,20,24,27,28,29,30,32,33,34,35,37,38,40} accuracy is 74.4%
	Using feature(s) {2,3,4,5,8,9,10,13,15,16,17,18,20,24,25,28,29,30,32,33,34,35,37,38,40} accuracy is 74.3%
	Using feature(s) {2,3,4,5,8,9,10,13,15,16,17,18,20,24,25,27,29,30,32,33,34,35,37,38,40} accuracy is 73.3%
	Using feature(s) {2,3,4,5,8,9,10,13,15,16,17,18,20,24,25,27,28,30,32,33,34,35,37,38,40} accuracy is 75.1%
	Using feature(s) {2,3,4,5,8,9,10,13,15,16,17,18,20,24,25,27,28,29,32,33,34,35,37,38,40} accuracy is 75.8%
	Using feature(s) {2,3,4,5,8,9,10,13,15,16,17,18,20,24,25,27,28,29,30,33,34,35,37,38,40} accuracy is 74.1%
	Using feature(s) {2,3,4,5,8,9,10,13,15,16,17,18,20,24,25,27,28,29,30,32,34,35,37,38,40} accuracy is 74.6%
	Using feature(s) {2,3,4,5,8,9,10,13,15,16,17,18,20,24,25,27,28,29,30,32,33,35,37,38,40} accuracy is 73.4%
	Using feature(s) {2,3,4,5,8,9,10,13,15,16,17,18,20,24,25,27,28,29,30,32,33,34,37,38,40} accuracy is 74.1%
	Using feature(s) {2,3,4,5,8,9,10,13,15,16,17,18,20,24,25,27,28,29,30,32,33,34,35,38,40} accuracy is 75.6%
	Using feature(s) {2,3,4,5,8,9,10,13,15,16,17,18,20,24,25,27,28,29,30,32,33,34,35,37,40} accuracy is 75.9%
	Using feature(s) {2,3,4,5,8,9,10,13,15,16,17,18,20,24,25,27,28,29,30,32,33,34,35,37,38} accuracy is 74.8%


Feature set {2,3,4,5,8,9,10,13,15,16,17,18,20,24,25,27,28,29,30,32,33,34,35,37,40} was best, accuracy is 75.9%

	Using feature(s) {3,4,5,8,9,10,13,15,16,17,18,20,24,25,27,28,29,30,32,33,34,35,37,40} accuracy is 75.2%
	Using feature(s) {2,4,5,8,9,10,13,15,16,17,18,20,24,25,27,28,29,30,32,33,34,35,37,40} accuracy is 75.8%
	Using feature(s) {2,3,5,8,9,10,13,15,16,17,18,20,24,25,27,28,29,30,32,33,34,35,37,40} accuracy is 75.0%
	Using feature(s) {2,3,4,8,9,10,13,15,16,17,18,20,24,25,27,28,29,30,32,33,34,35,37,40} accuracy is 74.4%
	Using feature(s) {2,3,4,5,9,10,13,15,16,17,18,20,24,25,27,28,29,30,32,33,34,35,37,40} accuracy is 76.0%
	Using feature(s) {2,3,4,5,8,10,13,15,16,17,18,20,24,25,27,28,29,30,32,33,34,35,37,40} accuracy is 74.6%
	Using feature(s) {2,3,4,5,8,9,13,15,16,17,18,20,24,25,27,28,29,30,32,33,34,35,37,40} accuracy is 74.2%
	Using feature(s) {2,3,4,5,8,9,10,15,16,17,18,20,24,25,27,28,29,30,32,33,34,35,37,40} accuracy is 74.1%
	Using feature(s) {2,3,4,5,8,9,10,13,16,17,18,20,24,25,27,28,29,30,32,33,34,35,37,40} accuracy is 75.0%
	Using feature(s) {2,3,4,5,8,9,10,13,15,17,18,20,24,25,27,28,29,30,32,33,34,35,37,40} accuracy is 74.4%
	Using feature(s) {2,3,4,5,8,9,10,13,15,16,18,20,24,25,27,28,29,30,32,33,34,35,37,40} accuracy is 75.4%
	Using feature(s) {2,3,4,5,8,9,10,13,15,16,17,20,24,25,27,28,29,30,32,33,34,35,37,40} accuracy is 75.0%
	Using feature(s) {2,3,4,5,8,9,10,13,15,16,17,18,24,25,27,28,29,30,32,33,34,35,37,40} accuracy is 74.8%
	Using feature(s) {2,3,4,5,8,9,10,13,15,16,17,18,20,25,27,28,29,30,32,33,34,35,37,40} accuracy is 72.9%
	Using feature(s) {2,3,4,5,8,9,10,13,15,16,17,18,20,24,27,28,29,30,32,33,34,35,37,40} accuracy is 74.9%
	Using feature(s) {2,3,4,5,8,9,10,13,15,16,17,18,20,24,25,28,29,30,32,33,34,35,37,40} accuracy is 74.3%
	Using feature(s) {2,3,4,5,8,9,10,13,15,16,17,18,20,24,25,27,29,30,32,33,34,35,37,40} accuracy is 73.1%
	Using feature(s) {2,3,4,5,8,9,10,13,15,16,17,18,20,24,25,27,28,30,32,33,34,35,37,40} accuracy is 74.5%
	Using feature(s) {2,3,4,5,8,9,10,13,15,16,17,18,20,24,25,27,28,29,32,33,34,35,37,40} accuracy is 75.4%
	Using feature(s) {2,3,4,5,8,9,10,13,15,16,17,18,20,24,25,27,28,29,30,33,34,35,37,40} accuracy is 74.2%
	Using feature(s) {2,3,4,5,8,9,10,13,15,16,17,18,20,24,25,27,28,29,30,32,34,35,37,40} accuracy is 74.9%
	Using feature(s) {2,3,4,5,8,9,10,13,15,16,17,18,20,24,25,27,28,29,30,32,33,35,37,40} accuracy is 73.6%
	Using feature(s) {2,3,4,5,8,9,10,13,15,16,17,18,20,24,25,27,28,29,30,32,33,34,37,40} accuracy is 73.6%
	Using feature(s) {2,3,4,5,8,9,10,13,15,16,17,18,20,24,25,27,28,29,30,32,33,34,35,40} accuracy is 76.0%
	Using feature(s) {2,3,4,5,8,9,10,13,15,16,17,18,20,24,25,27,28,29,30,32,33,34,35,37} accuracy is 74.4%


Feature set {2,3,4,5,9,10,13,15,16,17,18,20,24,25,27,28,29,30,32,33,34,35,37,40} was best, accuracy is 76.0%

	Using feature(s) {3,4,5,9,10,13,15,16,17,18,20,24,25,27,28,29,30,32,33,34,35,37,40} accuracy is 74.5%
	Using feature(s) {2,4,5,9,10,13,15,16,17,18,20,24,25,27,28,29,30,32,33,34,35,37,40} accuracy is 76.0%
	Using feature(s) {2,3,5,9,10,13,15,16,17,18,20,24,25,27,28,29,30,32,33,34,35,37,40} accuracy is 75.5%
	Using feature(s) {2,3,4,9,10,13,15,16,17,18,20,24,25,27,28,29,30,32,33,34,35,37,40} accuracy is 76.1%
	Using feature(s) {2,3,4,5,10,13,15,16,17,18,20,24,25,27,28,29,30,32,33,34,35,37,40} accuracy is 74.5%
	Using feature(s) {2,3,4,5,9,13,15,16,17,18,20,24,25,27,28,29,30,32,33,34,35,37,40} accuracy is 74.6%
	Using feature(s) {2,3,4,5,9,10,15,16,17,18,20,24,25,27,28,29,30,32,33,34,35,37,40} accuracy is 74.7%
	Using feature(s) {2,3,4,5,9,10,13,16,17,18,20,24,25,27,28,29,30,32,33,34,35,37,40} accuracy is 74.8%
	Using feature(s) {2,3,4,5,9,10,13,15,17,18,20,24,25,27,28,29,30,32,33,34,35,37,40} accuracy is 75.9%
	Using feature(s) {2,3,4,5,9,10,13,15,16,18,20,24,25,27,28,29,30,32,33,34,35,37,40} accuracy is 75.3%
	Using feature(s) {2,3,4,5,9,10,13,15,16,17,20,24,25,27,28,29,30,32,33,34,35,37,40} accuracy is 76.1%
	Using feature(s) {2,3,4,5,9,10,13,15,16,17,18,24,25,27,28,29,30,32,33,34,35,37,40} accuracy is 73.3%
	Using feature(s) {2,3,4,5,9,10,13,15,16,17,18,20,25,27,28,29,30,32,33,34,35,37,40} accuracy is 74.2%
	Using feature(s) {2,3,4,5,9,10,13,15,16,17,18,20,24,27,28,29,30,32,33,34,35,37,40} accuracy is 75.7%
	Using feature(s) {2,3,4,5,9,10,13,15,16,17,18,20,24,25,28,29,30,32,33,34,35,37,40} accuracy is 74.5%
	Using feature(s) {2,3,4,5,9,10,13,15,16,17,18,20,24,25,27,29,30,32,33,34,35,37,40} accuracy is 74.2%
	Using feature(s) {2,3,4,5,9,10,13,15,16,17,18,20,24,25,27,28,30,32,33,34,35,37,40} accuracy is 74.6%
	Using feature(s) {2,3,4,5,9,10,13,15,16,17,18,20,24,25,27,28,29,32,33,34,35,37,40} accuracy is 75.4%
	Using feature(s) {2,3,4,5,9,10,13,15,16,17,18,20,24,25,27,28,29,30,33,34,35,37,40} accuracy is 75.3%
	Using feature(s) {2,3,4,5,9,10,13,15,16,17,18,20,24,25,27,28,29,30,32,34,35,37,40} accuracy is 74.7%
	Using feature(s) {2,3,4,5,9,10,13,15,16,17,18,20,24,25,27,28,29,30,32,33,35,37,40} accuracy is 74.1%
	Using feature(s) {2,3,4,5,9,10,13,15,16,17,18,20,24,25,27,28,29,30,32,33,34,37,40} accuracy is 73.8%
	Using feature(s) {2,3,4,5,9,10,13,15,16,17,18,20,24,25,27,28,29,30,32,33,34,35,40} accuracy is 74.4%
	Using feature(s) {2,3,4,5,9,10,13,15,16,17,18,20,24,25,27,28,29,30,32,33,34,35,37} accuracy is 74.7%


Feature set {2,3,4,9,10,13,15,16,17,18,20,24,25,27,28,29,30,32,33,34,35,37,40} was best, accuracy is 76.1%

	Using feature(s) {3,4,9,10,13,15,16,17,18,20,24,25,27,28,29,30,32,33,34,35,37,40} accuracy is 74.5%
	Using feature(s) {2,4,9,10,13,15,16,17,18,20,24,25,27,28,29,30,32,33,34,35,37,40} accuracy is 75.1%
	Using feature(s) {2,3,9,10,13,15,16,17,18,20,24,25,27,28,29,30,32,33,34,35,37,40} accuracy is 74.7%
	Using feature(s) {2,3,4,10,13,15,16,17,18,20,24,25,27,28,29,30,32,33,34,35,37,40} accuracy is 74.4%
	Using feature(s) {2,3,4,9,13,15,16,17,18,20,24,25,27,28,29,30,32,33,34,35,37,40} accuracy is 74.7%
	Using feature(s) {2,3,4,9,10,15,16,17,18,20,24,25,27,28,29,30,32,33,34,35,37,40} accuracy is 74.5%
	Using feature(s) {2,3,4,9,10,13,16,17,18,20,24,25,27,28,29,30,32,33,34,35,37,40} accuracy is 74.5%
	Using feature(s) {2,3,4,9,10,13,15,17,18,20,24,25,27,28,29,30,32,33,34,35,37,40} accuracy is 73.7%
	Using feature(s) {2,3,4,9,10,13,15,16,18,20,24,25,27,28,29,30,32,33,34,35,37,40} accuracy is 73.9%
	Using feature(s) {2,3,4,9,10,13,15,16,17,20,24,25,27,28,29,30,32,33,34,35,37,40} accuracy is 74.4%
	Using feature(s) {2,3,4,9,10,13,15,16,17,18,24,25,27,28,29,30,32,33,34,35,37,40} accuracy is 73.1%
	Using feature(s) {2,3,4,9,10,13,15,16,17,18,20,25,27,28,29,30,32,33,34,35,37,40} accuracy is 73.9%
	Using feature(s) {2,3,4,9,10,13,15,16,17,18,20,24,27,28,29,30,32,33,34,35,37,40} accuracy is 74.2%
	Using feature(s) {2,3,4,9,10,13,15,16,17,18,20,24,25,28,29,30,32,33,34,35,37,40} accuracy is 73.4%
	Using feature(s) {2,3,4,9,10,13,15,16,17,18,20,24,25,27,29,30,32,33,34,35,37,40} accuracy is 74.1%
	Using feature(s) {2,3,4,9,10,13,15,16,17,18,20,24,25,27,28,30,32,33,34,35,37,40} accuracy is 74.5%
	Using feature(s) {2,3,4,9,10,13,15,16,17,18,20,24,25,27,28,29,32,33,34,35,37,40} accuracy is 73.5%
	Using feature(s) {2,3,4,9,10,13,15,16,17,18,20,24,25,27,28,29,30,33,34,35,37,40} accuracy is 75.0%
	Using feature(s) {2,3,4,9,10,13,15,16,17,18,20,24,25,27,28,29,30,32,34,35,37,40} accuracy is 75.2%
	Using feature(s) {2,3,4,9,10,13,15,16,17,18,20,24,25,27,28,29,30,32,33,35,37,40} accuracy is 73.9%
	Using feature(s) {2,3,4,9,10,13,15,16,17,18,20,24,25,27,28,29,30,32,33,34,37,40} accuracy is 74.0%
	Using feature(s) {2,3,4,9,10,13,15,16,17,18,20,24,25,27,28,29,30,32,33,34,35,40} accuracy is 74.9%
	Using feature(s) {2,3,4,9,10,13,15,16,17,18,20,24,25,27,28,29,30,32,33,34,35,37} accuracy is 73.7%


Feature set {2,3,4,9,10,13,15,16,17,18,20,24,25,27,28,29,30,32,34,35,37,40} was best, accuracy is 75.2%

	Using feature(s) {3,4,9,10,13,15,16,17,18,20,24,25,27,28,29,30,32,34,35,37,40} accuracy is 74.5%
	Using feature(s) {2,4,9,10,13,15,16,17,18,20,24,25,27,28,29,30,32,34,35,37,40} accuracy is 74.6%
	Using feature(s) {2,3,9,10,13,15,16,17,18,20,24,25,27,28,29,30,32,34,35,37,40} accuracy is 73.4%
	Using feature(s) {2,3,4,10,13,15,16,17,18,20,24,25,27,28,29,30,32,34,35,37,40} accuracy is 74.6%
	Using feature(s) {2,3,4,9,13,15,16,17,18,20,24,25,27,28,29,30,32,34,35,37,40} accuracy is 72.8%
	Using feature(s) {2,3,4,9,10,15,16,17,18,20,24,25,27,28,29,30,32,34,35,37,40} accuracy is 73.3%
	Using feature(s) {2,3,4,9,10,13,16,17,18,20,24,25,27,28,29,30,32,34,35,37,40} accuracy is 73.9%
	Using feature(s) {2,3,4,9,10,13,15,17,18,20,24,25,27,28,29,30,32,34,35,37,40} accuracy is 73.7%
	Using feature(s) {2,3,4,9,10,13,15,16,18,20,24,25,27,28,29,30,32,34,35,37,40} accuracy is 73.8%
	Using feature(s) {2,3,4,9,10,13,15,16,17,20,24,25,27,28,29,30,32,34,35,37,40} accuracy is 73.8%
	Using feature(s) {2,3,4,9,10,13,15,16,17,18,24,25,27,28,29,30,32,34,35,37,40} accuracy is 72.2%
	Using feature(s) {2,3,4,9,10,13,15,16,17,18,20,25,27,28,29,30,32,34,35,37,40} accuracy is 72.8%
	Using feature(s) {2,3,4,9,10,13,15,16,17,18,20,24,27,28,29,30,32,34,35,37,40} accuracy is 73.6%
	Using feature(s) {2,3,4,9,10,13,15,16,17,18,20,24,25,28,29,30,32,34,35,37,40} accuracy is 73.9%
	Using feature(s) {2,3,4,9,10,13,15,16,17,18,20,24,25,27,29,30,32,34,35,37,40} accuracy is 71.6%
	Using feature(s) {2,3,4,9,10,13,15,16,17,18,20,24,25,27,28,30,32,34,35,37,40} accuracy is 74.3%
	Using feature(s) {2,3,4,9,10,13,15,16,17,18,20,24,25,27,28,29,32,34,35,37,40} accuracy is 73.3%
	Using feature(s) {2,3,4,9,10,13,15,16,17,18,20,24,25,27,28,29,30,34,35,37,40} accuracy is 74.2%
	Using feature(s) {2,3,4,9,10,13,15,16,17,18,20,24,25,27,28,29,30,32,35,37,40} accuracy is 73.3%
	Using feature(s) {2,3,4,9,10,13,15,16,17,18,20,24,25,27,28,29,30,32,34,37,40} accuracy is 73.2%
	Using feature(s) {2,3,4,9,10,13,15,16,17,18,20,24,25,27,28,29,30,32,34,35,40} accuracy is 73.7%
	Using feature(s) {2,3,4,9,10,13,15,16,17,18,20,24,25,27,28,29,30,32,34,35,37} accuracy is 74.0%


Feature set {2,4,9,10,13,15,16,17,18,20,24,25,27,28,29,30,32,34,35,37,40} was best, accuracy is 74.6%

	Using feature(s) {4,9,10,13,15,16,17,18,20,24,25,27,28,29,30,32,34,35,37,40} accuracy is 73.6%
	Using feature(s) {2,9,10,13,15,16,17,18,20,24,25,27,28,29,30,32,34,35,37,40} accuracy is 73.6%
	Using feature(s) {2,4,10,13,15,16,17,18,20,24,25,27,28,29,30,32,34,35,37,40} accuracy is 74.0%
	Using feature(s) {2,4,9,13,15,16,17,18,20,24,25,27,28,29,30,32,34,35,37,40} accuracy is 73.0%
	Using feature(s) {2,4,9,10,15,16,17,18,20,24,25,27,28,29,30,32,34,35,37,40} accuracy is 73.8%
	Using feature(s) {2,4,9,10,13,16,17,18,20,24,25,27,28,29,30,32,34,35,37,40} accuracy is 73.6%
	Using feature(s) {2,4,9,10,13,15,17,18,20,24,25,27,28,29,30,32,34,35,37,40} accuracy is 74.0%
	Using feature(s) {2,4,9,10,13,15,16,18,20,24,25,27,28,29,30,32,34,35,37,40} accuracy is 73.6%
	Using feature(s) {2,4,9,10,13,15,16,17,20,24,25,27,28,29,30,32,34,35,37,40} accuracy is 73.4%
	Using feature(s) {2,4,9,10,13,15,16,17,18,24,25,27,28,29,30,32,34,35,37,40} accuracy is 72.3%
	Using feature(s) {2,4,9,10,13,15,16,17,18,20,25,27,28,29,30,32,34,35,37,40} accuracy is 73.7%
	Using feature(s) {2,4,9,10,13,15,16,17,18,20,24,27,28,29,30,32,34,35,37,40} accuracy is 74.1%
	Using feature(s) {2,4,9,10,13,15,16,17,18,20,24,25,28,29,30,32,34,35,37,40} accuracy is 73.1%
	Using feature(s) {2,4,9,10,13,15,16,17,18,20,24,25,27,29,30,32,34,35,37,40} accuracy is 72.6%
	Using feature(s) {2,4,9,10,13,15,16,17,18,20,24,25,27,28,30,32,34,35,37,40} accuracy is 72.7%
	Using feature(s) {2,4,9,10,13,15,16,17,18,20,24,25,27,28,29,32,34,35,37,40} accuracy is 73.1%
	Using feature(s) {2,4,9,10,13,15,16,17,18,20,24,25,27,28,29,30,34,35,37,40} accuracy is 74.6%
	Using feature(s) {2,4,9,10,13,15,16,17,18,20,24,25,27,28,29,30,32,35,37,40} accuracy is 74.1%
	Using feature(s) {2,4,9,10,13,15,16,17,18,20,24,25,27,28,29,30,32,34,37,40} accuracy is 74.0%
	Using feature(s) {2,4,9,10,13,15,16,17,18,20,24,25,27,28,29,30,32,34,35,40} accuracy is 73.2%
	Using feature(s) {2,4,9,10,13,15,16,17,18,20,24,25,27,28,29,30,32,34,35,37} accuracy is 73.1%


Feature set {2,4,9,10,13,15,16,17,18,20,24,25,27,28,29,30,34,35,37,40} was best, accuracy is 74.6%

	Using feature(s) {4,9,10,13,15,16,17,18,20,24,25,27,28,29,30,34,35,37,40} accuracy is 74.0%
	Using feature(s) {2,9,10,13,15,16,17,18,20,24,25,27,28,29,30,34,35,37,40} accuracy is 73.3%
	Using feature(s) {2,4,10,13,15,16,17,18,20,24,25,27,28,29,30,34,35,37,40} accuracy is 73.8%
	Using feature(s) {2,4,9,13,15,16,17,18,20,24,25,27,28,29,30,34,35,37,40} accuracy is 73.2%
	Using feature(s) {2,4,9,10,15,16,17,18,20,24,25,27,28,29,30,34,35,37,40} accuracy is 72.5%
	Using feature(s) {2,4,9,10,13,16,17,18,20,24,25,27,28,29,30,34,35,37,40} accuracy is 72.6%
	Using feature(s) {2,4,9,10,13,15,17,18,20,24,25,27,28,29,30,34,35,37,40} accuracy is 74.2%
	Using feature(s) {2,4,9,10,13,15,16,18,20,24,25,27,28,29,30,34,35,37,40} accuracy is 73.4%
	Using feature(s) {2,4,9,10,13,15,16,17,20,24,25,27,28,29,30,34,35,37,40} accuracy is 73.0%
	Using feature(s) {2,4,9,10,13,15,16,17,18,24,25,27,28,29,30,34,35,37,40} accuracy is 72.4%
	Using feature(s) {2,4,9,10,13,15,16,17,18,20,25,27,28,29,30,34,35,37,40} accuracy is 73.3%
	Using feature(s) {2,4,9,10,13,15,16,17,18,20,24,27,28,29,30,34,35,37,40} accuracy is 74.4%
	Using feature(s) {2,4,9,10,13,15,16,17,18,20,24,25,28,29,30,34,35,37,40} accuracy is 72.4%
	Using feature(s) {2,4,9,10,13,15,16,17,18,20,24,25,27,29,30,34,35,37,40} accuracy is 72.8%
	Using feature(s) {2,4,9,10,13,15,16,17,18,20,24,25,27,28,30,34,35,37,40} accuracy is 73.2%
	Using feature(s) {2,4,9,10,13,15,16,17,18,20,24,25,27,28,29,34,35,37,40} accuracy is 73.6%
	Using feature(s) {2,4,9,10,13,15,16,17,18,20,24,25,27,28,29,30,35,37,40} accuracy is 74.5%
	Using feature(s) {2,4,9,10,13,15,16,17,18,20,24,25,27,28,29,30,34,37,40} accuracy is 72.8%
	Using feature(s) {2,4,9,10,13,15,16,17,18,20,24,25,27,28,29,30,34,35,40} accuracy is 73.4%
	Using feature(s) {2,4,9,10,13,15,16,17,18,20,24,25,27,28,29,30,34,35,37} accuracy is 73.2%


Feature set {2,4,9,10,13,15,16,17,18,20,24,25,27,28,29,30,35,37,40} was best, accuracy is 74.5%

	Using feature(s) {4,9,10,13,15,16,17,18,20,24,25,27,28,29,30,35,37,40} accuracy is 73.3%
	Using feature(s) {2,9,10,13,15,16,17,18,20,24,25,27,28,29,30,35,37,40} accuracy is 72.7%
	Using feature(s) {2,4,10,13,15,16,17,18,20,24,25,27,28,29,30,35,37,40} accuracy is 73.8%
	Using feature(s) {2,4,9,13,15,16,17,18,20,24,25,27,28,29,30,35,37,40} accuracy is 72.5%
	Using feature(s) {2,4,9,10,15,16,17,18,20,24,25,27,28,29,30,35,37,40} accuracy is 72.7%
	Using feature(s) {2,4,9,10,13,16,17,18,20,24,25,27,28,29,30,35,37,40} accuracy is 74.2%
	Using feature(s) {2,4,9,10,13,15,17,18,20,24,25,27,28,29,30,35,37,40} accuracy is 72.9%
	Using feature(s) {2,4,9,10,13,15,16,18,20,24,25,27,28,29,30,35,37,40} accuracy is 73.1%
	Using feature(s) {2,4,9,10,13,15,16,17,20,24,25,27,28,29,30,35,37,40} accuracy is 72.9%
	Using feature(s) {2,4,9,10,13,15,16,17,18,24,25,27,28,29,30,35,37,40} accuracy is 71.2%
	Using feature(s) {2,4,9,10,13,15,16,17,18,20,25,27,28,29,30,35,37,40} accuracy is 73.5%
	Using feature(s) {2,4,9,10,13,15,16,17,18,20,24,27,28,29,30,35,37,40} accuracy is 73.1%
	Using feature(s) {2,4,9,10,13,15,16,17,18,20,24,25,28,29,30,35,37,40} accuracy is 73.1%
	Using feature(s) {2,4,9,10,13,15,16,17,18,20,24,25,27,29,30,35,37,40} accuracy is 73.8%
	Using feature(s) {2,4,9,10,13,15,16,17,18,20,24,25,27,28,30,35,37,40} accuracy is 73.1%
	Using feature(s) {2,4,9,10,13,15,16,17,18,20,24,25,27,28,29,35,37,40} accuracy is 73.0%
	Using feature(s) {2,4,9,10,13,15,16,17,18,20,24,25,27,28,29,30,37,40} accuracy is 72.9%
	Using feature(s) {2,4,9,10,13,15,16,17,18,20,24,25,27,28,29,30,35,40} accuracy is 73.5%
	Using feature(s) {2,4,9,10,13,15,16,17,18,20,24,25,27,28,29,30,35,37} accuracy is 73.7%


Feature set {2,4,9,10,13,16,17,18,20,24,25,27,28,29,30,35,37,40} was best, accuracy is 74.2%

	Using feature(s) {4,9,10,13,16,17,18,20,24,25,27,28,29,30,35,37,40} accuracy is 74.5%
	Using feature(s) {2,9,10,13,16,17,18,20,24,25,27,28,29,30,35,37,40} accuracy is 72.4%
	Using feature(s) {2,4,10,13,16,17,18,20,24,25,27,28,29,30,35,37,40} accuracy is 73.4%
	Using feature(s) {2,4,9,13,16,17,18,20,24,25,27,28,29,30,35,37,40} accuracy is 72.8%
	Using feature(s) {2,4,9,10,16,17,18,20,24,25,27,28,29,30,35,37,40} accuracy is 72.5%
	Using feature(s) {2,4,9,10,13,17,18,20,24,25,27,28,29,30,35,37,40} accuracy is 71.9%
	Using feature(s) {2,4,9,10,13,16,18,20,24,25,27,28,29,30,35,37,40} accuracy is 73.8%
	Using feature(s) {2,4,9,10,13,16,17,20,24,25,27,28,29,30,35,37,40} accuracy is 73.8%
	Using feature(s) {2,4,9,10,13,16,17,18,24,25,27,28,29,30,35,37,40} accuracy is 71.1%
	Using feature(s) {2,4,9,10,13,16,17,18,20,25,27,28,29,30,35,37,40} accuracy is 71.2%
	Using feature(s) {2,4,9,10,13,16,17,18,20,24,27,28,29,30,35,37,40} accuracy is 73.2%
	Using feature(s) {2,4,9,10,13,16,17,18,20,24,25,28,29,30,35,37,40} accuracy is 72.3%
	Using feature(s) {2,4,9,10,13,16,17,18,20,24,25,27,29,30,35,37,40} accuracy is 72.9%
	Using feature(s) {2,4,9,10,13,16,17,18,20,24,25,27,28,30,35,37,40} accuracy is 73.6%
	Using feature(s) {2,4,9,10,13,16,17,18,20,24,25,27,28,29,35,37,40} accuracy is 72.3%
	Using feature(s) {2,4,9,10,13,16,17,18,20,24,25,27,28,29,30,37,40} accuracy is 73.2%
	Using feature(s) {2,4,9,10,13,16,17,18,20,24,25,27,28,29,30,35,40} accuracy is 72.7%
	Using feature(s) {2,4,9,10,13,16,17,18,20,24,25,27,28,29,30,35,37} accuracy is 73.4%


Feature set {4,9,10,13,16,17,18,20,24,25,27,28,29,30,35,37,40} was best, accuracy is 74.5%

	Using feature(s) {9,10,13,16,17,18,20,24,25,27,28,29,30,35,37,40} accuracy is 72.2%
	Using feature(s) {4,10,13,16,17,18,20,24,25,27,28,29,30,35,37,40} accuracy is 72.5%
	Using feature(s) {4,9,13,16,17,18,20,24,25,27,28,29,30,35,37,40} accuracy is 73.8%
	Using feature(s) {4,9,10,16,17,18,20,24,25,27,28,29,30,35,37,40} accuracy is 70.2%
	Using feature(s) {4,9,10,13,17,18,20,24,25,27,28,29,30,35,37,40} accuracy is 71.8%
	Using feature(s) {4,9,10,13,16,18,20,24,25,27,28,29,30,35,37,40} accuracy is 73.9%
	Using feature(s) {4,9,10,13,16,17,20,24,25,27,28,29,30,35,37,40} accuracy is 74.2%
	Using feature(s) {4,9,10,13,16,17,18,24,25,27,28,29,30,35,37,40} accuracy is 71.7%
	Using feature(s) {4,9,10,13,16,17,18,20,25,27,28,29,30,35,37,40} accuracy is 71.3%
	Using feature(s) {4,9,10,13,16,17,18,20,24,27,28,29,30,35,37,40} accuracy is 73.8%
	Using feature(s) {4,9,10,13,16,17,18,20,24,25,28,29,30,35,37,40} accuracy is 72.1%
	Using feature(s) {4,9,10,13,16,17,18,20,24,25,27,29,30,35,37,40} accuracy is 72.6%
	Using feature(s) {4,9,10,13,16,17,18,20,24,25,27,28,30,35,37,40} accuracy is 73.3%
	Using feature(s) {4,9,10,13,16,17,18,20,24,25,27,28,29,35,37,40} accuracy is 74.0%
	Using feature(s) {4,9,10,13,16,17,18,20,24,25,27,28,29,30,37,40} accuracy is 74.1%
	Using feature(s) {4,9,10,13,16,17,18,20,24,25,27,28,29,30,35,40} accuracy is 72.6%
	Using feature(s) {4,9,10,13,16,17,18,20,24,25,27,28,29,30,35,37} accuracy is 73.7%


Feature set {4,9,10,13,16,17,20,24,25,27,28,29,30,35,37,40} was best, accuracy is 74.2%

	Using feature(s) {9,10,13,16,17,20,24,25,27,28,29,30,35,37,40} accuracy is 71.8%
	Using feature(s) {4,10,13,16,17,20,24,25,27,28,29,30,35,37,40} accuracy is 74.4%
	Using feature(s) {4,9,13,16,17,20,24,25,27,28,29,30,35,37,40} accuracy is 73.5%
	Using feature(s) {4,9,10,16,17,20,24,25,27,28,29,30,35,37,40} accuracy is 71.0%
	Using feature(s) {4,9,10,13,17,20,24,25,27,28,29,30,35,37,40} accuracy is 72.9%
	Using feature(s) {4,9,10,13,16,20,24,25,27,28,29,30,35,37,40} accuracy is 74.5%
	Using feature(s) {4,9,10,13,16,17,24,25,27,28,29,30,35,37,40} accuracy is 72.6%
	Using feature(s) {4,9,10,13,16,17,20,25,27,28,29,30,35,37,40} accuracy is 71.4%
	Using feature(s) {4,9,10,13,16,17,20,24,27,28,29,30,35,37,40} accuracy is 74.8%
	Using feature(s) {4,9,10,13,16,17,20,24,25,28,29,30,35,37,40} accuracy is 72.7%
	Using feature(s) {4,9,10,13,16,17,20,24,25,27,29,30,35,37,40} accuracy is 72.7%
	Using feature(s) {4,9,10,13,16,17,20,24,25,27,28,30,35,37,40} accuracy is 74.1%
	Using feature(s) {4,9,10,13,16,17,20,24,25,27,28,29,35,37,40} accuracy is 72.7%
	Using feature(s) {4,9,10,13,16,17,20,24,25,27,28,29,30,37,40} accuracy is 72.7%
	Using feature(s) {4,9,10,13,16,17,20,24,25,27,28,29,30,35,40} accuracy is 71.7%
	Using feature(s) {4,9,10,13,16,17,20,24,25,27,28,29,30,35,37} accuracy is 73.5%


Feature set {4,9,10,13,16,17,20,24,27,28,29,30,35,37,40} was best, accuracy is 74.8%

	Using feature(s) {9,10,13,16,17,20,24,27,28,29,30,35,37,40} accuracy is 71.7%
	Using feature(s) {4,10,13,16,17,20,24,27,28,29,30,35,37,40} accuracy is 74.3%
	Using feature(s) {4,9,13,16,17,20,24,27,28,29,30,35,37,40} accuracy is 73.2%
	Using feature(s) {4,9,10,16,17,20,24,27,28,29,30,35,37,40} accuracy is 70.3%
	Using feature(s) {4,9,10,13,17,20,24,27,28,29,30,35,37,40} accuracy is 73.0%
	Using feature(s) {4,9,10,13,16,20,24,27,28,29,30,35,37,40} accuracy is 74.5%
	Using feature(s) {4,9,10,13,16,17,24,27,28,29,30,35,37,40} accuracy is 73.2%
	Using feature(s) {4,9,10,13,16,17,20,27,28,29,30,35,37,40} accuracy is 73.6%
	Using feature(s) {4,9,10,13,16,17,20,24,28,29,30,35,37,40} accuracy is 71.6%
	Using feature(s) {4,9,10,13,16,17,20,24,27,29,30,35,37,40} accuracy is 73.5%
	Using feature(s) {4,9,10,13,16,17,20,24,27,28,30,35,37,40} accuracy is 73.6%
	Using feature(s) {4,9,10,13,16,17,20,24,27,28,29,35,37,40} accuracy is 73.7%
	Using feature(s) {4,9,10,13,16,17,20,24,27,28,29,30,37,40} accuracy is 72.5%
	Using feature(s) {4,9,10,13,16,17,20,24,27,28,29,30,35,40} accuracy is 72.6%
	Using feature(s) {4,9,10,13,16,17,20,24,27,28,29,30,35,37} accuracy is 75.2%


Feature set {4,9,10,13,16,17,20,24,27,28,29,30,35,37} was best, accuracy is 75.2%

	Using feature(s) {9,10,13,16,17,20,24,27,28,29,30,35,37} accuracy is 72.5%
	Using feature(s) {4,10,13,16,17,20,24,27,28,29,30,35,37} accuracy is 73.6%
	Using feature(s) {4,9,13,16,17,20,24,27,28,29,30,35,37} accuracy is 72.9%
	Using feature(s) {4,9,10,16,17,20,24,27,28,29,30,35,37} accuracy is 71.1%
	Using feature(s) {4,9,10,13,17,20,24,27,28,29,30,35,37} accuracy is 71.2%
	Using feature(s) {4,9,10,13,16,20,24,27,28,29,30,35,37} accuracy is 74.2%
	Using feature(s) {4,9,10,13,16,17,24,27,28,29,30,35,37} accuracy is 73.3%
	Using feature(s) {4,9,10,13,16,17,20,27,28,29,30,35,37} accuracy is 74.3%
	Using feature(s) {4,9,10,13,16,17,20,24,28,29,30,35,37} accuracy is 72.1%
	Using feature(s) {4,9,10,13,16,17,20,24,27,29,30,35,37} accuracy is 72.8%
	Using feature(s) {4,9,10,13,16,17,20,24,27,28,30,35,37} accuracy is 74.5%
	Using feature(s) {4,9,10,13,16,17,20,24,27,28,29,35,37} accuracy is 73.7%
	Using feature(s) {4,9,10,13,16,17,20,24,27,28,29,30,37} accuracy is 73.8%
	Using feature(s) {4,9,10,13,16,17,20,24,27,28,29,30,35} accuracy is 72.7%


Feature set {4,9,10,13,16,17,20,24,27,28,30,35,37} was best, accuracy is 74.5%

	Using feature(s) {9,10,13,16,17,20,24,27,28,30,35,37} accuracy is 71.9%
	Using feature(s) {4,10,13,16,17,20,24,27,28,30,35,37} accuracy is 72.8%
	Using feature(s) {4,9,13,16,17,20,24,27,28,30,35,37} accuracy is 72.0%
	Using feature(s) {4,9,10,16,17,20,24,27,28,30,35,37} accuracy is 72.7%
	Using feature(s) {4,9,10,13,17,20,24,27,28,30,35,37} accuracy is 72.2%
	Using feature(s) {4,9,10,13,16,20,24,27,28,30,35,37} accuracy is 73.3%
	Using feature(s) {4,9,10,13,16,17,24,27,28,30,35,37} accuracy is 72.7%
	Using feature(s) {4,9,10,13,16,17,20,27,28,30,35,37} accuracy is 74.6%
	Using feature(s) {4,9,10,13,16,17,20,24,28,30,35,37} accuracy is 71.7%
	Using feature(s) {4,9,10,13,16,17,20,24,27,30,35,37} accuracy is 71.2%
	Using feature(s) {4,9,10,13,16,17,20,24,27,28,35,37} accuracy is 73.2%
	Using feature(s) {4,9,10,13,16,17,20,24,27,28,30,37} accuracy is 73.6%
	Using feature(s) {4,9,10,13,16,17,20,24,27,28,30,35} accuracy is 73.7%


Feature set {4,9,10,13,16,17,20,27,28,30,35,37} was best, accuracy is 74.6%

	Using feature(s) {9,10,13,16,17,20,27,28,30,35,37} accuracy is 73.6%
	Using feature(s) {4,10,13,16,17,20,27,28,30,35,37} accuracy is 70.9%
	Using feature(s) {4,9,13,16,17,20,27,28,30,35,37} accuracy is 71.4%
	Using feature(s) {4,9,10,16,17,20,27,28,30,35,37} accuracy is 71.4%
	Using feature(s) {4,9,10,13,17,20,27,28,30,35,37} accuracy is 72.2%
	Using feature(s) {4,9,10,13,16,20,27,28,30,35,37} accuracy is 72.9%
	Using feature(s) {4,9,10,13,16,17,27,28,30,35,37} accuracy is 72.7%
	Using feature(s) {4,9,10,13,16,17,20,28,30,35,37} accuracy is 71.5%
	Using feature(s) {4,9,10,13,16,17,20,27,30,35,37} accuracy is 70.8%
	Using feature(s) {4,9,10,13,16,17,20,27,28,35,37} accuracy is 71.9%
	Using feature(s) {4,9,10,13,16,17,20,27,28,30,37} accuracy is 72.5%
	Using feature(s) {4,9,10,13,16,17,20,27,28,30,35} accuracy is 73.2%

(Warning, Accuracy has decreased! Continuing search in case of local maxima)
Feature set {9,10,13,16,17,20,27,28,30,35,37} was best, accuracy is 73.6%

	Using feature(s) {10,13,16,17,20,27,28,30,35,37} accuracy is 71.0%
	Using feature(s) {9,13,16,17,20,27,28,30,35,37} accuracy is 72.7%
	Using feature(s) {9,10,16,17,20,27,28,30,35,37} accuracy is 70.9%
	Using feature(s) {9,10,13,17,20,27,28,30,35,37} accuracy is 70.5%
	Using feature(s) {9,10,13,16,20,27,28,30,35,37} accuracy is 73.2%
	Using feature(s) {9,10,13,16,17,27,28,30,35,37} accuracy is 69.7%
	Using feature(s) {9,10,13,16,17,20,28,30,35,37} accuracy is 70.7%
	Using feature(s) {9,10,13,16,17,20,27,30,35,37} accuracy is 71.3%
	Using feature(s) {9,10,13,16,17,20,27,28,35,37} accuracy is 71.3%
	Using feature(s) {9,10,13,16,17,20,27,28,30,37} accuracy is 73.2%
	Using feature(s) {9,10,13,16,17,20,27,28,30,35} accuracy is 71.7%

(Warning, Accuracy has decreased! Continuing search in case of local maxima)
Feature set {9,10,13,16,20,27,28,30,35,37} was best, accuracy is 73.2%

	Using feature(s) {10,13,16,20,27,28,30,35,37} accuracy is 71.3%
	Using feature(s) {9,13,16,20,27,28,30,35,37} accuracy is 71.6%
	Using feature(s) {9,10,16,20,27,28,30,35,37} accuracy is 70.9%
	Using feature(s) {9,10,13,20,27,28,30,35,37} accuracy is 71.7%
	Using feature(s) {9,10,13,16,27,28,30,35,37} accuracy is 71.1%
	Using feature(s) {9,10,13,16,20,28,30,35,37} accuracy is 71.5%
	Using feature(s) {9,10,13,16,20,27,30,35,37} accuracy is 71.7%
	Using feature(s) {9,10,13,16,20,27,28,35,37} accuracy is 72.2%
	Using feature(s) {9,10,13,16,20,27,28,30,37} accuracy is 74.6%
	Using feature(s) {9,10,13,16,20,27,28,30,35} accuracy is 72.7%


Feature set {9,10,13,16,20,27,28,30,37} was best, accuracy is 74.6%

	Using feature(s) {10,13,16,20,27,28,30,37} accuracy is 72.0%
	Using feature(s) {9,13,16,20,27,28,30,37} accuracy is 71.1%
	Using feature(s) {9,10,16,20,27,28,30,37} accuracy is 71.0%
	Using feature(s) {9,10,13,20,27,28,30,37} accuracy is 74.2%
	Using feature(s) {9,10,13,16,27,28,30,37} accuracy is 72.2%
	Using feature(s) {9,10,13,16,20,28,30,37} accuracy is 72.6%
	Using feature(s) {9,10,13,16,20,27,30,37} accuracy is 71.2%
	Using feature(s) {9,10,13,16,20,27,28,37} accuracy is 72.5%
	Using feature(s) {9,10,13,16,20,27,28,30} accuracy is 73.2%


Feature set {9,10,13,20,27,28,30,37} was best, accuracy is 74.2%

	Using feature(s) {10,13,20,27,28,30,37} accuracy is 70.2%
	Using feature(s) {9,13,20,27,28,30,37} accuracy is 70.8%
	Using feature(s) {9,10,20,27,28,30,37} accuracy is 71.7%
	Using feature(s) {9,10,13,27,28,30,37} accuracy is 71.3%
	Using feature(s) {9,10,13,20,28,30,37} accuracy is 71.3%
	Using feature(s) {9,10,13,20,27,30,37} accuracy is 70.0%
	Using feature(s) {9,10,13,20,27,28,37} accuracy is 72.0%
	Using feature(s) {9,10,13,20,27,28,30} accuracy is 74.4%


Feature set {9,10,13,20,27,28,30} was best, accuracy is 74.4%

	Using feature(s) {10,13,20,27,28,30} accuracy is 70.4%
	Using feature(s) {9,13,20,27,28,30} accuracy is 72.1%
	Using feature(s) {9,10,20,27,28,30} accuracy is 73.0%
	Using feature(s) {9,10,13,27,28,30} accuracy is 69.7%
	Using feature(s) {9,10,13,20,28,30} accuracy is 71.4%
	Using feature(s) {9,10,13,20,27,30} accuracy is 71.5%
	Using feature(s) {9,10,13,20,27,28} accuracy is 73.4%

(Warning, Accuracy has decreased! Continuing search in case of local maxima)
Feature set {9,10,13,20,27,28} was best, accuracy is 73.4%

	Using feature(s) {10,13,20,27,28} accuracy is 68.9%
	Using feature(s) {9,13,20,27,28} accuracy is 70.8%
	Using feature(s) {9,10,20,27,28} accuracy is 73.4%
	Using feature(s) {9,10,13,27,28} accuracy is 72.5%
	Using feature(s) {9,10,13,20,28} accuracy is 71.6%
	Using feature(s) {9,10,13,20,27} accuracy is 70.6%

(Warning, Accuracy has decreased! Continuing search in case of local maxima)
Feature set {9,10,20,27,28} was best, accuracy is 73.4%

	Using feature(s) {10,20,27,28} accuracy is 68.5%
	Using feature(s) {9,20,27,28} accuracy is 73.1%
	Using feature(s) {9,10,27,28} accuracy is 69.5%
	Using feature(s) {9,10,20,28} accuracy is 71.5%
	Using feature(s) {9,10,20,27} accuracy is 70.2%

(Warning, Accuracy has decreased! Continuing search in case of local maxima)
Feature set {9,20,27,28} was best, accuracy is 73.1%

	Using feature(s) {20,27,28} accuracy is 67.9%
	Using feature(s) {9,27,28} accuracy is 67.8%
	Using feature(s) {9,20,28} accuracy is 69.7%
	Using feature(s) {9,20,27} accuracy is 69.0%

(Warning, Accuracy has decreased! Continuing search in case of local maxima)
Feature set {9,20,28} was best, accuracy is 69.7%

	Using feature(s) {20,28} accuracy is 71.7%
	Using feature(s) {9,28} accuracy is 69.2%
	Using feature(s) {9,20} accuracy is 70.1%

(Warning, Accuracy has decreased! Continuing search in case of local maxima)
Feature set {20,28} was best, accuracy is 71.7%

	Using feature(s) {28} accuracy is 69.8%
	Using feature(s) {20} accuracy is 69.6%

(Warning, Accuracy has decreased! Continuing search in case of local maxima)
Feature set {28} was best, accuracy is 69.8%


Finished search!! The best feature subset is {9,10,13,20,27,28,30}, which has an accuracy of 74.4%
5476.916